0.038667
0.013600
0.038667
0.068534
0.063734
0.023467
0.048534
-0.001333
0.048534
0.003467
0.053601
0.003467
0.063734
-0.006400
0.063734
-0.001333
0.048534
-0.001333
0.083734
0.023467
0.063734
0.013600
0.063734
0.023467
0.048534
-0.016534
0.043734
0.013600
0.033600
0.008533
0.028534
-0.001333
0.088801
-0.021600
0.053601
-0.006400
0.068534
0.023467
0.053601
-0.016534
0.048534
0.008533
-0.001333
0.013600
0.053601
0.023467
0.068534
0.003467
0.053601
-0.016534
0.023467
0.013600
0.028534
-0.016534
-0.001333
-0.046667
0.053601
-0.001333
0.063734
0.023467
0.063734
0.038667
0.073601
-0.011467
0.048534
-0.011467
0.053601
-0.011467
0.038667
-0.001333
0.038667
0.003467
0.043734
0.028534
0.058667
0.013600
0.063734
0.003467
0.038667
-0.001333
0.038667
-0.011467
0.023467
-0.011467
0.033600
-0.021600
0.018667
0.013600
0.053601
0.003467
0.033600
-0.031467
0.078668
0.003467
0.038667
0.023467
0.028534
-0.021600
0.038667
-0.016534
0.028534
-0.001333
0.063734
0.018667
0.048534
0.028534
0.053601
0.028534
0.063734
0.008533
0.013600
0.003467
0.043734
0.008533
0.048534
0.018667
0.068534
0.043734
0.083734
0.013600
0.083734
-0.011467
0.053601
-0.001333
0.033600
-0.046667
0.023467
-0.026400
0.033600
-0.001333
0.048534
0.003467
0.063734
0.013600
0.063734
-0.016534
0.048534
-0.026400
0.003467
-0.021600
0.023467
0.003467
0.063734
0.028534
0.028534
0.008533
0.073601
0.023467
0.028534
-0.011467
0.038667
-0.021600
0.033600
-0.006400
0.038667
-0.001333
0.088801
0.003467
0.038667
-0.011467
0.023467
0.013600
0.053601
-0.006400
0.033600
0.013600
0.043734
-0.001333
0.028534
-0.026400
0.023467
-0.006400
0.038667
0.033600
0.073601
-0.001333
0.038667
0.028534
0.058667
0.018667
0.048534
0.028534
0.033600
-0.011467
0.078668
0.003467
0.063734
0.038667
0.048534
0.003467
0.048534
0.003467
0.048534
0.028534
0.038667
-0.011467
0.073601
-0.011467
0.023467
-0.011467
0.088801
0.038667
0.093601
0.003467
0.068534
0.028534
0.068534
0.018667
0.043734
0.028534
0.073601
0.013600
0.043734
0.028534
0.048534
0.003467
0.048534
0.023467
0.078668
0.043734
0.078668
0.003467
0.048534
-0.001333
0.038667
0.013600
0.053601
-0.011467
0.073601
0.023467
0.028534
-0.011467
0.053601
0.008533
0.048534
-0.001333
0.078668
0.003467
0.023467
0.023467
0.073601
-0.036534
0.043734
0.023467
0.048534
0.003467
0.063734
0.003467
0.053601
0.018667
0.053601
-0.001333
0.028534
0.018667
0.043734
0.048534
0.068534
0.008533
0.068534
0.023467
0.063734
0.003467
0.048534
-0.026400
0.038667
0.003467
0.038667
-0.001333
0.033600
-0.016534
0.068534
0.043734
0.063734
0.013600
0.073601
0.028534
0.053601
-0.021600
0.028534
-0.026400
0.028534
-0.021600
0.038667
0.018667
0.028534
-0.021600
0.023467
0.018667
0.028534
0.033600
0.068534
-0.001333
0.063734
0.008533
0.023467
0.003467
0.048534
-0.016534
0.053601
-0.001333
0.068534
0.008533
0.043734
0.008533
0.058667
0.003467
0.038667
0.023467
0.058667
-0.016534
0.043734
-0.011467
0.023467
-0.021600
0.048534
0.038667
0.063734
0.023467
0.043734
-0.001333
0.043734
-0.001333
0.033600
-0.011467
0.048534
-0.021600
0.048534
-0.016534
0.023467
-0.011467
0.038667
-0.001333
0.048534
0.013600
0.063734
0.003467
0.028534
0.023467
0.053601
0.023467
0.073601
-0.001333
0.053601
-0.021600
0.018667
-0.021600
0.003467
0.003467
0.048534
-0.031467
0.073601
0.003467
0.058667
-0.001333
0.078668
0.023467
0.073601
0.013600
0.063734
0.003467
0.028534
-0.001333
0.033600
0.003467
0.023467
-0.001333
0.013600
0.013600
0.013600
-0.011467
0.028534
0.008533
0.053601
0.008533
0.018667
0.003467
0.038667
-0.011467
0.063734
-0.006400
0.063734
0.003467
0.023467
0.013600
0.023467
0.003467
0.018667
-0.036534
0.063734
0.008533
0.048534
0.013600
0.038667
-0.006400
0.038667
-0.046667
0.043734
0.013600
0.048534
-0.011467
0.058667
0.003467
0.068534
-0.021600
0.038667
-0.001333
0.058667
0.013600
0.028534
-0.006400
0.048534
0.003467
0.043734
-0.001333
0.063734
0.023467
0.063734
-0.016534
0.063734
-0.001333
0.048534
-0.006400
0.043734
-0.021600
0.028534
-0.011467
0.063734
-0.006400
0.023467
0.018667
0.023467
0.023467
0.048534
0.033600
0.063734
0.003467
0.063734
-0.021600
0.068534
-0.011467
0.073601
0.023467
0.053601
0.013600
0.048534
0.013600
0.033600
0.023467
0.068534
-0.026400
0.088801
0.018667
0.048534
-0.001333
0.063734
0.008533
0.053601
-0.001333
0.063734
0.033600
0.023467
0.048534
0.063734
-0.001333
0.063734
0.013600
0.058667
-0.001333
0.028534
-0.016534
0.028534
-0.021600
0.048534
0.003467
0.053601
0.013600
0.048534
-0.036534
0.028534
-0.021600
0.028534
-0.011467
0.048534
-0.011467
0.033600
-0.001333
0.063734
0.028534
0.063734
0.013600
0.038667
0.003467
0.073601
0.028534
0.048534
0.003467
0.078668
0.028534
0.028534
-0.006400
0.028534
-0.011467
0.023467
0.003467
0.048534
0.008533
0.073601
0.038667
0.088801
0.023467
0.073601
-0.021600
0.088801
-0.011467
0.048534
0.018667
0.073601
-0.001333
0.053601
0.018667
0.063734
0.043734
0.043734
0.023467
0.053601
0.018667
0.043734
0.013600
0.023467
0.018667
0.053601
-0.011467
0.048534
-0.001333
0.053601
0.013600
0.043734
0.013600
0.043734
0.018667
0.048534
0.013600
0.018667
0.003467
0.043734
-0.051467
0.053601
-0.011467
0.048534
-0.031467
0.048534
0.008533
0.063734
0.023467
0.028534
-0.001333
0.033600
-0.001333
0.033600
0.023467
0.038667
0.028534
0.063734
-0.011467
0.038667
0.003467
0.088801
0.003467
0.063734
0.008533
0.038667
-0.016534
0.028534
-0.011467
0.063734
-0.051467
0.053601
0.013600
0.048534
0.003467
0.068534
0.013600
0.038667
0.013600
0.073601
0.003467
0.038667
-0.001333
0.038667
0.033600
0.038667
0.013600
0.048534
-0.011467
0.023467
0.003467
0.038667
-0.001333
0.038667
0.028534
0.083734
0.003467
0.078668
-0.001333
0.058667
0.003467
0.063734
-0.036534
0.068534
0.033600
0.053601
0.003467
0.048534
0.003467
0.053601
0.003467
0.043734
-0.001333
0.053601
-0.031467
0.038667
0.023467
0.033600
-0.001333
0.058667
-0.001333
0.048534
-0.001333
0.028534
-0.001333
0.053601
0.028534
0.013600
0.013600
0.028534
0.023467
0.068534
-0.011467
0.048534
0.023467
0.038667
0.008533
0.048534
0.038667
0.053601
0.013600
0.033600
0.003467
0.063734
-0.016534
0.048534
0.023467
0.028534
-0.011467
0.013600
0.013600
0.038667
0.008533
0.048534
0.018667
0.038667
-0.011467
0.028534
0.028534
0.038667
-0.006400
0.073601
0.003467
0.038667
-0.011467
0.063734
0.028534
0.008533
-0.001333
0.033600
0.003467
0.048534
0.003467
0.058667
-0.011467
0.003467
0.008533
0.048534
0.013600
0.073601
0.028534
0.013600
0.048534
0.088801
0.008533
0.063734
0.023467
0.038667
0.013600
0.038667
-0.016534
0.008533
-0.001333
0.048534
-0.001333
0.023467
0.023467
0.023467
0.008533
0.038667
0.018667
0.098668
-0.001333
0.028534
-0.001333
0.048534
-0.021600
0.063734
-0.001333
0.063734
-0.011467
0.088801
0.023467
0.053601
-0.001333
0.028534
0.018667
-0.011467
-0.021600
0.053601
-0.001333
0.043734
-0.016534
0.028534
-0.001333
0.038667
0.023467
0.033600
0.013600
0.043734
0.008533
0.063734
-0.021600
0.018667
0.003467
0.028534
0.023467
0.043734
0.023467
0.043734
-0.021600
0.038667
-0.026400
0.048534
0.008533
0.038667
-0.001333
0.083734
0.008533
0.093601
-0.026400
0.043734
0.028534
0.033600
-0.001333
0.053601
-0.016534
0.008533
-0.006400
0.038667
-0.011467
0.038667
-0.001333
0.078668
0.023467
0.038667
-0.001333
0.048534
-0.011467
0.048534
-0.021600
0.028534
0.013600
0.073601
0.013600
0.068534
-0.026400
0.028534
0.008533
0.023467
-0.001333
0.038667
0.018667
0.073601
0.003467
0.073601
0.008533
0.028534
0.013600
0.023467
0.008533
0.058667
0.013600
0.033600
-0.001333
0.028534
-0.001333
0.028534
0.008533
0.028534
0.003467
0.033600
0.008533
0.048534
0.003467
0.048534
-0.016534
0.053601
-0.001333
0.058667
0.018667
0.048534
0.003467
0.058667
0.008533
0.028534
0.018667
0.048534
-0.026400
0.013600
-0.001333
0.028534
-0.021600
0.048534
-0.006400
0.033600
0.023467
0.043734
0.048534
0.048534
-0.011467
0.043734
-0.026400
0.073601
-0.006400
0.033600
0.023467
0.038667
-0.006400
0.053601
0.023467
0.053601
-0.011467
0.048534
0.028534
0.038667
0.013600
0.043734
-0.001333
0.038667
-0.021600
0.013600
-0.001333
0.033600
0.013600
0.023467
0.013600
0.028534
-0.001333
0.023467
-0.011467
0.013600
-0.016534
0.013600
-0.011467
0.053601
-0.001333
0.028534
-0.016534
0.033600
0.003467
0.053601
-0.026400
0.013600
-0.016534
0.008533
-0.011467
-0.006400
-0.021600
0.048534
-0.016534
0.048534
-0.001333
0.038667
0.013600
0.028534
0.013600
0.053601
0.013600
0.043734
0.003467
0.063734
0.023467
0.068534
0.003467
0.038667
-0.001333
0.018667
-0.016534
0.048534
-0.021600
0.033600
-0.006400
0.058667
0.023467
0.093601
0.003467
0.038667
0.013600
0.038667
-0.016534
0.053601
-0.006400
0.043734
-0.011467
0.028534
-0.011467
0.033600
-0.001333
0.028534
-0.026400
0.033600
-0.016534
0.043734
-0.001333
0.018667
0.013600
0.028534
-0.011467
0.058667
-0.021600
0.063734
0.008533
0.043734
0.008533
0.068534
0.013600
0.033600
0.008533
0.053601
-0.001333
0.058667
-0.001333
0.078668
0.018667
0.048534
0.018667
0.038667
-0.026400
0.043734
-0.001333
0.043734
-0.051467
0.043734
-0.011467
0.023467
0.013600
0.003467
-0.041601
0.033600
-0.011467
0.038667
-0.001333
0.048534
0.013600
0.038667
-0.016534
0.003467
-0.011467
0.053601
-0.001333
0.038667
0.028534
0.043734
-0.021600
0.038667
0.013600
0.058667
-0.006400
0.058667
0.023467
0.038667
0.023467
0.038667
0.033600
0.068534
-0.001333
0.038667
0.003467
0.048534
-0.036534
0.063734
0.003467
0.028534
-0.011467
0.063734
-0.021600
0.038667
0.008533
0.033600
-0.006400
0.028534
0.018667
0.013600
-0.001333
0.073601
0.018667
0.063734
0.013600
0.068534
0.003467
0.063734
0.003467
0.073601
-0.011467
0.053601
-0.021600
0.043734
-0.001333
0.053601
-0.011467
-0.001333
0.013600
-0.001333
-0.036534
0.058667
0.008533
0.003467
0.013600
0.038667
-0.001333
0.048534
-0.006400
0.048534
0.013600
0.033600
-0.036534
0.043734
-0.011467
0.063734
0.003467
0.053601
0.003467
0.023467
0.018667
0.063734
-0.011467
0.053601
0.003467
0.038667
-0.041601
0.038667
-0.006400
0.053601
-0.021600
0.008533
-0.016534
0.003467
-0.051467
0.028534
-0.001333
0.063734
-0.046667
0.028534
-0.016534
0.038667
-0.031467
0.028534
-0.016534
0.048534
-0.016534
0.033600
0.003467
0.073601
0.028534
0.053601
-0.021600
0.028534
0.003467
0.033600
-0.001333
0.043734
-0.021600
0.053601
-0.011467
0.043734
-0.011467
0.063734
-0.011467
0.043734
0.008533
0.023467
0.008533
0.058667
-0.011467
0.028534
-0.046667
0.023467
-0.011467
0.028534
-0.001333
0.023467
-0.031467
0.038667
-0.021600
0.058667
-0.001333
0.023467
-0.006400
0.013600
-0.011467
0.058667
-0.026400
0.053601
-0.001333
0.033600
-0.006400
0.013600
-0.026400
0.018667
-0.016534
0.043734
-0.026400
0.058667
0.013600
0.033600
0.013600
0.038667
-0.021600
-0.011467
-0.006400
0.033600
-0.031467
0.038667
-0.001333
0.043734
0.013600
0.038667
0.003467
0.018667
-0.016534
0.028534
-0.001333
0.053601
0.008533
0.018667
-0.001333
0.028534
-0.016534
0.018667
-0.026400
0.013600
-0.011467
0.028534
-0.021600
0.013600
-0.001333
0.023467
-0.001333
0.038667
-0.011467
0.033600
-0.011467
0.013600
0.003467
0.033600
-0.011467
0.038667
-0.011467
0.013600
-0.011467
0.023467
-0.016534
0.003467
-0.026400
0.028534
0.003467
0.048534
0.008533
0.063734
-0.001333
0.028534
-0.026400
0.038667
0.013600
0.028534
0.008533
0.078668
0.013600
0.003467
0.003467
0.048534
0.013600
0.073601
0.013600
0.068534
0.013600
0.028534
0.003467
0.033600
0.013600
0.013600
-0.021600
0.023467
-0.016534
0.053601
0.008533
0.073601
-0.001333
0.028534
0.013600
0.003467
-0.001333
0.028534
-0.026400
0.023467
-0.001333
0.028534
0.048534
0.058667
-0.006400
0.038667
-0.026400
0.048534
0.013600
0.028534
-0.001333
0.033600
0.018667
0.028534
0.003467
0.053601
-0.001333
0.048534
-0.031467
0.048534
0.023467
0.013600
0.013600
0.028534
-0.021600
0.033600
0.018667
0.038667
-0.036534
0.008533
-0.001333
0.033600
-0.026400
0.023467
-0.001333
0.068534
-0.006400
0.028534
0.003467
0.063734
-0.001333
0.028534
0.023467
0.053601
0.013600
0.023467
-0.011467
0.013600
-0.011467
0.048534
-0.011467
0.033600
0.013600
0.023467
-0.036534
0.053601
0.028534
0.038667
0.003467
0.048534
-0.001333
-0.001333
-0.001333
0.018667
0.003467
-0.011467
0.003467
0.053601
0.003467
0.028534
-0.021600
0.023467
0.008533
0.063734
0.023467
0.038667
-0.026400
0.013600
-0.026400
0.063734
-0.001333
0.018667
-0.016534
0.063734
-0.001333
0.048534
-0.001333
0.038667
0.028534
0.033600
-0.021600
0.033600
-0.041601
0.028534
0.003467
0.053601
-0.001333
0.028534
-0.021600
0.038667
0.018667
0.018667
0.013600
0.068534
0.013600
0.028534
0.018667
0.013600
0.013600
0.028534
-0.001333
0.038667
-0.011467
0.028534
-0.001333
0.028534
-0.011467
0.038667
0.013600
0.013600
-0.006400
-0.001333
0.003467
0.028534
0.013600
0.028534
0.023467
0.048534
-0.021600
0.033600
0.003467
0.028534
0.013600
0.058667
0.028534
0.033600
-0.011467
0.038667
-0.011467
0.003467
-0.006400
0.058667
-0.046667
0.023467
-0.021600
0.043734
-0.001333
0.058667
-0.021600
0.053601
0.003467
0.028534
0.003467
0.028534
-0.021600
0.048534
0.038667
0.063734
0.013600
0.053601
0.023467
0.063734
0.003467
0.048534
-0.001333
0.038667
0.013600
0.053601
0.003467
0.023467
0.013600
0.048534
-0.011467
0.043734
-0.006400
0.048534
0.013600
0.033600
0.013600
0.063734
-0.006400
0.023467
-0.011467
0.058667
-0.021600
0.038667
0.003467
0.048534
-0.006400
0.023467
-0.021600
0.043734
0.013600
0.018667
0.013600
-0.006400
0.013600
0.043734
-0.021600
0.053601
0.013600
0.053601
0.013600
0.048534
0.003467
0.053601
0.028534
0.063734
-0.016534
0.028534
-0.001333
0.063734
-0.001333
0.028534
-0.006400
0.003467
0.013600
0.038667
0.023467
0.048534
0.023467
0.003467
0.013600
0.028534
-0.016534
0.063734
0.003467
0.058667
-0.011467
0.053601
-0.011467
0.048534
-0.006400
0.043734
-0.011467
0.083734
-0.036534
0.048534
0.028534
0.053601
0.033600
0.063734
0.003467
0.013600
-0.016534
0.028534
0.008533
0.063734
-0.021600
0.053601
0.003467
0.058667
-0.001333
0.028534
0.003467
0.068534
0.003467
0.038667
0.018667
0.063734
-0.011467
0.013600
0.013600
0.088801
0.038667
0.053601
0.003467
0.048534
0.013600
0.043734
0.003467
0.043734
-0.016534
0.003467
0.038667
0.043734
-0.006400
0.078668
0.038667
0.078668
0.013600
0.048534
-0.021600
0.028534
-0.001333
0.023467
-0.021600
0.028534
-0.026400
0.038667
-0.026400
0.018667
0.003467
0.043734
0.028534
0.063734
-0.001333
0.048534
-0.001333
0.028534
0.003467
0.033600
-0.021600
0.023467
-0.001333
0.038667
0.028534
0.038667
-0.021600
0.048534
0.008533
0.053601
0.013600
0.078668
-0.001333
0.048534
-0.011467
0.038667
-0.021600
0.033600
-0.021600
0.048534
-0.026400
0.028534
-0.026400
0.023467
0.013600
0.038667
-0.046667
0.013600
-0.036534
0.028534
-0.001333
0.013600
-0.016534
0.023467
-0.001333
0.008533
-0.011467
0.038667
-0.011467
0.038667
0.003467
0.048534
-0.011467
0.023467
-0.016534
0.038667
0.018667
0.073601
-0.001333
0.008533
0.028534
0.078668
0.003467
0.038667
-0.001333
0.003467
0.008533
0.058667
-0.036534
0.048534
-0.036534
0.028534
-0.036534
0.028534
-0.011467
0.028534
-0.006400
0.028534
-0.001333
0.028534
0.003467
0.023467
0.013600
0.068534
0.018667
0.053601
-0.021600
0.038667
0.018667
0.048534
-0.001333
0.023467
-0.006400
0.038667
-0.001333
0.023467
0.018667
0.038667
-0.016534
0.028534
-0.006400
0.043734
-0.011467
0.048534
0.008533
0.053601
-0.011467
0.063734
0.013600
0.013600
-0.001333
0.013600
0.008533
0.053601
0.003467
0.063734
-0.021600
0.028534
-0.011467
0.013600
0.003467
0.013600
-0.021600
0.003467
0.003467
0.033600
-0.006400
0.058667
0.048534
0.013600
-0.011467
0.023467
0.003467
0.003467
0.008533
0.013600
0.023467
-0.001333
0.003467
0.023467
-0.026400
0.028534
0.023467
0.023467
-0.016534
0.028534
0.003467
0.013600
0.013600
0.048534
0.023467
0.038667
-0.001333
0.013600
0.003467
0.063734
-0.001333
0.038667
-0.016534
0.058667
0.013600
0.028534
-0.026400
0.028534
-0.001333
0.048534
-0.016534
0.023467
-0.001333
0.078668
-0.031467
0.038667
0.013600
0.038667
0.003467
0.023467
-0.021600
0.053601
-0.001333
0.028534
0.008533
0.013600
-0.001333
0.033600
0.003467
0.048534
-0.021600
0.028534
0.018667
0.053601
0.023467
0.038667
-0.001333
0.003467
-0.031467
0.018667
0.003467
0.038667
0.018667
0.058667
-0.011467
0.048534
0.013600
0.058667
-0.006400
0.058667
-0.016534
0.028534
0.003467
0.063734
0.003467
0.028534
-0.001333
0.053601
-0.016534
0.048534
-0.011467
0.043734
-0.011467
0.063734
-0.036534
0.038667
-0.016534
0.053601
0.028534
0.038667
-0.011467
0.048534
-0.026400
0.023467
-0.026400
0.018667
-0.006400
0.028534
-0.006400
0.043734
-0.011467
0.053601
-0.011467
0.063734
-0.001333
0.018667
-0.011467
0.033600
-0.031467
0.028534
0.018667
0.038667
-0.021600
0.063734
-0.006400
0.073601
-0.016534
0.053601
-0.011467
0.033600
0.018667
0.048534
0.043734
0.053601
0.003467
0.053601
0.013600
0.028534
-0.016534
0.018667
-0.001333
0.028534
-0.006400
-0.016534
-0.001333
0.043734
-0.011467
0.058667
0.013600
0.063734
0.028534
0.053601
-0.011467
0.028534
-0.036534
-0.001333
0.003467
0.038667
-0.006400
0.038667
0.008533
0.083734
-0.001333
0.073601
0.023467
0.028534
-0.006400
0.018667
-0.031467
0.023467
-0.021600
0.013600
0.003467
0.063734
0.028534
0.063734
-0.006400
0.048534
-0.021600
0.033600
-0.016534
0.013600
-0.001333
-0.001333
0.003467
0.013600
-0.011467
-0.016534
0.023467
0.063734
0.053601
0.048534
-0.006400
0.058667
-0.011467
0.058667
-0.006400
0.028534
-0.001333
0.033600
0.008533
0.043734
0.013600
0.038667
0.018667
0.073601
-0.006400
0.018667
-0.026400
0.043734
-0.011467
0.028534
0.008533
0.058667
0.003467
0.028534
0.013600
0.013600
-0.026400
0.043734
0.023467
0.028534
-0.021600
0.043734
0.008533
0.048534
-0.011467
0.033600
0.018667
0.028534
-0.011467
0.063734
-0.021600
0.073601
0.003467
0.053601
0.023467
0.033600
0.003467
0.013600
-0.036534
0.033600
-0.026400
0.088801
0.033600
0.068534
0.008533
0.078668
0.018667
0.053601
-0.041601
-0.016534
-0.051467
-0.001333
-0.026400
0.023467
0.008533
0.038667
0.028534
0.063734
-0.026400
0.058667
-0.001333
0.048534
-0.031467
0.003467
-0.051467
0.003467
-0.056534
0.013600
-0.021600
0.033600
0.033600
0.088801
0.028534
0.043734
-0.001333
0.078668
0.023467
0.023467
-0.031467
0.028534
-0.021600
0.003467
-0.021600
0.048534
0.008533
0.003467
0.038667
0.063734
-0.026400
0.023467
-0.021600
0.003467
-0.031467
0.003467
-0.031467
0.023467
-0.001333
0.038667
-0.036534
0.058667
-0.041601
0.043734
0.013600
0.018667
0.028534
0.013600
0.023467
0.013600
-0.001333
0.003467
-0.006400
0.023467
0.003467
0.018667
0.008533
0.063734
0.003467
0.053601
0.008533
0.048534
-0.011467
0.013600
-0.026400
0.068534
0.013600
0.053601
-0.011467
0.023467
-0.011467
0.038667
-0.001333
0.013600
-0.001333
0.028534
-0.026400
0.013600
-0.026400
0.013600
-0.006400
0.008533
0.003467
0.028534
-0.016534
0.053601
-0.001333
0.038667
-0.006400
0.048534
0.018667
0.023467
-0.021600
0.053601
-0.011467
0.013600
0.003467
0.038667
-0.006400
0.003467
-0.006400
0.038667
0.013600
0.038667
-0.011467
0.028534
-0.026400
0.058667
-0.011467
0.028534
-0.006400
0.028534
0.003467
0.048534
-0.041601
0.048534
0.003467
0.028534
-0.041601
-0.006400
-0.036534
0.053601
-0.021600
0.038667
-0.021600
0.033600
-0.001333
0.048534
-0.011467
0.093601
0.008533
0.023467
0.003467
0.038667
-0.011467
0.018667
-0.001333
-0.016534
-0.036534
0.018667
0.008533
0.013600
-0.011467
0.028534
-0.011467
0.048534
0.003467
0.048534
-0.021600
0.043734
-0.001333
0.048534
-0.001333
0.023467
0.013600
0.033600
0.013600
0.033600
-0.001333
0.023467
-0.021600
0.053601
0.018667
0.028534
0.018667
0.048534
-0.026400
0.073601
-0.011467
0.028534
0.013600
0.023467
0.003467
0.028534
-0.001333
0.063734
-0.011467
0.013600
-0.031467
0.058667
0.023467
0.073601
0.013600
0.023467
-0.026400
0.053601
-0.011467
0.023467
-0.011467
0.058667
-0.001333
0.003467
0.013600
0.023467
-0.011467
0.028534
-0.031467
0.058667
-0.016534
0.013600
-0.001333
0.063734
-0.001333
0.033600
-0.016534
0.073601
-0.011467
0.028534
-0.026400
0.043734
0.033600
0.063734
0.003467
0.033600
-0.016534
0.048534
-0.041601
0.023467
-0.011467
0.043734
-0.006400
0.033600
-0.011467
0.018667
0.013600
0.013600
-0.001333
0.013600
-0.011467
0.003467
-0.016534
0.028534
-0.046667
0.038667
-0.006400
0.013600
0.023467
0.008533
-0.046667
0.038667
-0.006400
0.038667
-0.036534
0.013600
0.023467
0.028534
0.028534
0.023467
-0.001333
0.033600
-0.001333
-0.001333
-0.001333
0.053601
-0.036534
0.048534
-0.001333
0.053601
-0.006400
0.038667
-0.011467
0.018667
-0.026400
0.033600
0.003467
0.038667
-0.001333
0.043734
0.013600
0.053601
-0.021600
0.028534
-0.001333
0.053601
-0.011467
0.063734
0.018667
0.023467
-0.026400
0.048534
0.023467
-0.011467
-0.011467
0.048534
0.008533
0.053601
0.013600
0.018667
0.018667
-0.001333
-0.011467
0.038667
-0.016534
0.058667
-0.021600
0.028534
-0.001333
0.038667
0.013600
0.043734
0.003467
0.028534
-0.016534
0.048534
0.028534
0.028534
-0.016534
0.043734
-0.006400
0.063734
0.023467
0.043734
0.003467
0.048534
0.013600
0.048534
-0.001333
0.038667
0.003467
0.053601
-0.021600
0.053601
-0.021600
0.053601
-0.001333
0.038667
0.013600
0.048534
-0.011467
0.048534
-0.036534
0.013600
-0.026400
0.013600
-0.026400
0.023467
-0.026400
0.008533
0.003467
0.028534
-0.006400
0.028534
-0.021600
0.048534
-0.036534
0.028534
-0.016534
0.003467
-0.011467
0.068534
0.003467
0.018667
-0.021600
0.008533
-0.011467
0.028534
-0.011467
0.038667
0.023467
0.018667
-0.011467
0.013600
-0.026400
0.048534
-0.001333
0.013600
0.003467
0.033600
0.038667
0.048534
-0.051467
0.023467
0.003467
0.053601
0.023467
0.048534
-0.001333
0.018667
-0.011467
0.038667
-0.026400
0.023467
-0.026400
0.003467
-0.021600
0.013600
-0.011467
0.023467
-0.001333
0.038667
0.003467
0.023467
-0.036534
0.053601
-0.036534
-0.011467
-0.026400
0.063734
-0.006400
0.023467
-0.026400
0.023467
-0.031467
0.018667
-0.006400
0.048534
0.003467
0.008533
0.013600
0.068534
-0.001333
0.023467
-0.016534
0.028534
-0.016534
0.003467
-0.026400
0.013600
-0.026400
0.053601
0.023467
0.028534
-0.011467
0.033600
0.008533
0.028534
0.023467
0.023467
0.013600
0.008533
-0.011467
0.058667
0.013600
0.048534
-0.001333
0.048534
-0.026400
0.003467
-0.021600
0.048534
-0.041601
0.028534
0.023467
0.033600
-0.011467
0.073601
-0.001333
0.028534
-0.011467
0.053601
0.008533
0.048534
-0.001333
0.028534
-0.006400
0.038667
-0.011467
0.048534
-0.011467
0.033600
-0.011467
0.083734
0.013600
0.033600
0.008533
0.063734
-0.006400
0.053601
-0.021600
0.048534
-0.021600
0.028534
-0.021600
0.063734
-0.001333
0.048534
0.038667
0.043734
-0.016534
0.048534
0.023467
0.078668
0.013600
0.063734
-0.001333
0.068534
-0.006400
0.063734
-0.031467
0.028534
0.018667
0.048534
0.003467
0.048534
-0.011467
0.033600
-0.001333
0.013600
-0.001333
0.028534
-0.016534
0.053601
0.003467
0.018667
-0.016534
0.013600
-0.016534
0.043734
-0.001333
0.078668
0.008533
0.028534
0.013600
0.048534
-0.011467
0.063734
0.033600
0.058667
0.013600
0.073601
0.033600
0.038667
-0.001333
0.048534
-0.001333
0.073601
-0.026400
0.038667
-0.011467
0.063734
-0.006400
0.048534
0.013600
0.053601
0.018667
0.048534
-0.011467
0.038667
-0.006400
0.043734
-0.001333
0.033600
-0.001333
0.028534
-0.011467
0.033600
-0.036534
0.048534
-0.006400
0.063734
0.003467
0.058667
0.003467
0.023467
-0.011467
0.038667
-0.026400
0.028534
-0.016534
0.053601
0.003467
0.053601
0.003467
0.028534
0.013600
0.063734
0.023467
0.028534
-0.006400
0.073601
0.008533
0.018667
-0.026400
0.028534
0.028534
0.003467
0.003467
0.018667
-0.026400
0.018667
-0.021600
0.033600
-0.006400
0.013600
0.003467
0.063734
0.003467
0.048534
0.028534
0.033600
-0.031467
0.018667
-0.026400
0.018667
-0.046667
0.078668
0.013600
0.058667
0.003467
0.038667
0.028534
0.063734
-0.001333
0.073601
-0.001333
0.043734
-0.036534
0.018667
-0.001333
0.028534
-0.016534
0.073601
0.013600
0.043734
-0.001333
0.053601
0.008533
0.028534
-0.016534
0.038667
0.013600
0.048534
-0.001333
0.038667
0.003467
0.038667
0.038667
0.043734
-0.001333
0.038667
0.008533
0.053601
0.023467
0.053601
-0.016534
0.018667
-0.006400
0.003467
-0.016534
0.033600
-0.001333
0.048534
-0.011467
0.078668
0.023467
0.058667
-0.011467
0.028534
0.013600
0.028534
0.013600
0.048534
0.013600
0.068534
0.028534
0.053601
0.008533
0.023467
0.023467
0.088801
0.008533
0.038667
0.023467
0.053601
0.033600
0.088801
0.013600
0.053601
-0.001333
0.093601
0.043734
0.063734
0.023467
0.048534
0.028534
0.053601
0.003467
0.038667
-0.001333
0.033600
-0.011467
0.038667
-0.001333
0.048534
-0.001333
0.058667
-0.001333
0.053601
0.013600
0.063734
-0.001333
0.038667
-0.016534
0.053601
-0.011467
0.043734
0.003467
0.058667
0.028534
0.063734
-0.011467
0.023467
-0.031467
0.008533
0.023467
0.063734
0.018667
0.088801
0.013600
0.043734
0.023467
0.053601
-0.016534
0.028534
-0.031467
0.018667
-0.011467
0.018667
0.003467
-0.006400
-0.001333
0.048534
0.028534
0.023467
-0.011467
0.018667
-0.011467
0.058667
0.003467
0.058667
-0.026400
0.038667
0.003467
0.048534
-0.021600
0.078668
0.023467
0.048534
-0.006400
0.038667
0.023467
0.043734
0.008533
0.068534
-0.001333
0.038667
0.028534
0.038667
-0.001333
0.028534
-0.011467
0.048534
-0.046667
0.048534
-0.026400
0.023467
0.003467
0.048534
0.008533
0.028534
-0.026400
0.068534
0.023467
0.018667
0.013600
0.048534
-0.011467
0.028534
0.013600
0.038667
-0.016534
0.048534
-0.021600
0.063734
-0.011467
0.048534
-0.026400
0.043734
0.008533
0.043734
0.003467
0.063734
0.023467
0.028534
0.008533
0.023467
-0.026400
0.073601
0.038667
0.043734
0.013600
0.053601
0.008533
0.088801
-0.021600
0.058667
-0.026400
0.023467
0.033600
0.023467
0.018667
0.053601
-0.006400
0.023467
-0.026400
0.033600
-0.001333
0.048534
0.023467
0.063734
0.003467
0.073601
0.013600
0.033600
0.003467
0.053601
-0.011467
0.028534
-0.016534
0.018667
-0.026400
0.018667
-0.001333
0.028534
-0.001333
0.043734
-0.011467
0.023467
0.013600
0.003467
-0.021600
0.013600
0.003467
0.018667
0.028534
0.053601
-0.001333
0.028534
-0.011467
0.048534
0.013600
0.053601
0.003467
0.028534
0.008533
0.048534
-0.016534
0.038667
0.003467
0.053601
-0.036534
0.078668
0.003467
0.023467
-0.011467
0.048534
0.003467
0.038667
-0.001333
0.053601
0.018667
0.053601
-0.001333
0.038667
0.023467
0.053601
0.013600
0.063734
0.028534
0.063734
0.003467
0.028534
0.018667
0.048534
-0.021600
0.048534
0.003467
0.078668
0.013600
0.053601
0.043734
0.063734
0.033600
0.038667
0.018667
0.043734
0.003467
0.038667
0.003467
0.013600
-0.001333
0.023467
-0.001333
0.063734
0.018667
0.073601
0.018667
0.028534
0.033600
0.043734
0.038667
0.058667
0.053601
0.063734
0.023467
0.063734
0.008533
0.058667
0.023467
0.033600
-0.001333
0.038667
-0.021600
0.073601
0.038667
0.048534
0.008533
0.033600
-0.001333
0.028534
-0.011467
0.058667
0.013600
0.028534
0.023467
0.063734
0.008533
0.013600
0.028534
0.048534
-0.046667
0.038667
-0.011467
0.023467
0.003467
0.038667
0.028534
0.078668
-0.001333
0.048534
0.048534
0.048534
0.008533
0.033600
-0.001333
0.048534
0.008533
0.088801
-0.001333
0.063734
0.003467
0.063734
0.003467
0.048534
0.048534
0.073601
-0.011467
0.048534
0.003467
0.048534
-0.036534
0.053601
-0.001333
0.038667
0.013600
0.033600
0.028534
0.053601
-0.026400
0.053601
0.033600
0.033600
-0.001333
0.063734
-0.016534
0.053601
0.003467
0.088801
0.003467
0.058667
0.023467
0.053601
-0.001333
0.058667
-0.006400
0.053601
0.028534
0.058667
0.018667
0.063734
0.023467
0.033600
0.013600
0.028534
0.013600
0.048534
0.003467
0.053601
0.003467
0.028534
0.003467
0.068534
0.013600
0.068534
0.028534
0.063734
-0.021600
0.073601
0.023467
0.048534
0.038667
0.073601
0.018667
0.058667
0.023467
0.073601
0.033600
0.058667
-0.006400
0.033600
0.008533
0.058667
0.028534
0.073601
-0.006400
0.053601
0.003467
0.028534
0.003467
0.038667
0.013600
0.038667
-0.016534
0.038667
0.028534
0.033600
0.018667
0.028534
0.003467
0.038667
-0.021600
0.053601
0.018667
0.063734
0.003467
0.063734
0.013600
0.063734
0.048534
0.053601
0.018667
0.073601
-0.006400
0.058667
-0.016534
0.073601
0.003467
0.048534
-0.006400
0.028534
0.013600
0.073601
-0.001333
0.043734
0.003467
0.048534
0.023467
0.088801
0.063734
0.063734
-0.031467
0.048534
-0.011467
0.048534
0.013600
0.048534
0.003467
-0.011467
-0.001333
0.048534
0.003467
0.038667
0.003467
0.058667
0.003467
0.078668
0.043734
0.078668
0.013600
0.068534
0.018667
0.063734
0.013600
0.048534
0.028534
0.078668
0.013600
0.103735
0.028534
0.078668
0.003467
0.038667
0.013600
0.063734
0.013600
0.073601
0.003467
0.048534
0.013600
0.058667
0.043734
0.073601
-0.001333
0.058667
0.008533
0.028534
0.013600
0.078668
0.048534
0.048534
0.028534
0.088801
0.003467
0.063734
0.043734
0.053601
0.008533
0.028534
0.013600
0.063734
0.003467
0.038667
0.003467
0.048534
0.028534
0.063734
0.023467
0.038667
-0.006400
0.038667
0.013600
0.068534
0.013600
0.053601
0.018667
0.048534
-0.021600
0.038667
0.008533
0.048534
0.008533
0.048534
0.008533
0.033600
0.043734
0.073601
0.023467
0.073601
0.013600
0.038667
0.023467
0.048534
-0.011467
0.063734
0.003467
0.078668
0.048534
0.048534
0.008533
0.078668
-0.011467
0.038667
0.023467
0.053601
-0.011467
0.048534
-0.001333
0.038667
-0.001333
0.048534
0.013600
0.088801
0.043734
0.048534
-0.016534
0.063734
0.018667
0.088801
0.008533
0.053601
0.028534
0.063734
-0.021600
0.048534
-0.021600
0.053601
-0.021600
0.068534
0.033600
0.088801
0.048534
0.073601
0.028534
0.068534
0.013600
0.068534
0.023467
0.048534
-0.006400
0.048534
-0.006400
0.038667
-0.001333
0.038667
-0.001333
0.058667
0.008533
0.028534
0.008533
0.063734
0.023467
0.053601
-0.026400
0.073601
0.013600
0.078668
-0.001333
0.053601
0.013600
0.033600
0.008533
0.078668
0.003467
0.078668
0.008533
0.053601
0.048534
0.073601
-0.006400
0.028534
0.018667
0.033600
0.038667
0.028534
0.023467
0.013600
0.003467
0.023467
0.023467
0.033600
0.003467
0.018667
0.023467
0.078668
-0.021600
0.063734
-0.001333
0.058667
-0.001333
0.058667
0.003467
0.063734
0.013600
0.038667
-0.011467
0.068534
0.013600
0.048534
0.023467
0.038667
0.003467
0.033600
-0.001333
0.083734
-0.006400
0.053601
0.023467
0.058667
0.008533
0.053601
0.013600
0.053601
0.003467
0.048534
0.003467
0.048534
0.013600
0.038667
-0.046667
0.053601
-0.001333
0.073601
0.018667
0.098668
0.033600
0.058667
0.038667
0.093601
-0.001333
0.048534
0.003467
0.063734
-0.011467
0.048534
-0.001333
0.048534
0.003467
0.048534
0.038667
0.073601
0.018667
0.053601
0.038667
0.068534
0.013600
0.053601
-0.021600
0.073601
-0.011467
0.053601
0.023467
0.038667
-0.021600
0.033600
-0.011467
0.043734
-0.001333
0.063734
0.003467
0.028534
0.043734
0.073601
0.023467
0.048534
0.003467
0.088801
-0.026400
0.068534
-0.001333
0.063734
0.013600
0.053601
0.013600
0.053601
0.023467
0.058667
0.013600
0.063734
0.013600
0.043734
0.003467
0.058667
-0.016534
0.053601
0.018667
0.043734
0.013600
0.058667
0.003467
0.048534
0.013600
0.053601
-0.026400
0.058667
-0.001333
0.028534
-0.031467
0.018667
-0.001333
0.053601
0.033600
0.073601
-0.021600
0.073601
0.013600
0.068534
0.008533
0.053601
-0.001333
0.038667
-0.001333
0.068534
-0.011467
0.053601
0.023467
0.068534
0.018667
0.058667
0.013600
0.038667
0.023467
0.058667
-0.001333
0.053601
0.043734
0.048534
0.028534
0.073601
0.018667
0.078668
0.008533
0.078668
0.018667
0.063734
0.003467
0.043734
0.013600
0.078668
0.033600
0.053601
0.008533
0.063734
-0.001333
0.028534
0.003467
0.058667
-0.001333
0.053601
0.023467
0.078668
-0.011467
0.078668
0.013600
0.033600
0.023467
0.083734
0.013600
0.043734
0.003467
0.063734
0.003467
0.043734
0.003467
0.063734
0.013600
0.078668
0.023467
0.053601
0.003467
0.073601
0.028534
0.073601
0.038667
0.058667
0.003467
0.048534
0.013600
0.048534
0.013600
0.063734
0.003467
0.028534
0.008533
0.043734
0.008533
0.063734
0.003467
0.073601
0.003467
0.048534
0.013600
0.023467
-0.016534
0.063734
0.008533
0.048534
-0.006400
0.063734
0.018667
0.058667
-0.006400
0.058667
0.028534
0.053601
0.018667
0.053601
0.003467
0.048534
0.003467
0.063734
0.008533
0.038667
0.038667
0.053601
-0.001333
0.053601
-0.006400
0.053601
0.003467
0.038667
0.013600
0.058667
0.038667
0.038667
0.013600
0.078668
0.033600
0.093601
0.008533
0.058667
0.023467
0.053601
0.018667
0.043734
0.003467
0.073601
-0.001333
0.048534
0.013600
0.013600
0.028534
0.038667
0.003467
0.018667
-0.006400
0.043734
0.008533
0.053601
0.003467
0.068534
-0.021600
0.038667
0.003467
0.038667
0.023467
0.048534
0.023467
0.078668
0.018667
0.048534
0.008533
0.038667
-0.006400
0.058667
0.003467
0.038667
-0.021600
0.083734
0.013600
0.023467
0.013600
0.053601
0.028534
0.043734
0.003467
0.078668
0.013600
0.053601
0.008533
0.063734
0.013600
0.048534
0.018667
0.038667
0.003467
0.058667
0.008533
0.073601
-0.016534
0.038667
0.003467
0.043734
-0.011467
0.063734
-0.001333
0.073601
0.028534
0.058667
0.038667
0.078668
0.008533
0.038667
-0.021600
0.033600
-0.011467
0.068534
-0.001333
0.053601
0.008533
0.043734
-0.016534
0.053601
0.013600
0.033600
0.028534
0.008533
0.003467
0.038667
0.018667
0.048534
0.003467
0.053601
0.018667
0.088801
0.038667
0.058667
0.013600
0.053601
0.008533
0.078668
-0.011467
0.068534
-0.016534
0.073601
0.023467
0.033600
0.018667
0.083734
0.023467
0.063734
0.003467
0.048534
0.038667
0.063734
0.003467
0.058667
0.008533
0.023467
-0.001333
0.033600
-0.001333
0.058667
0.013600
0.003467
-0.021600
0.013600
-0.001333
0.058667
0.033600
0.033600
0.018667
0.053601
0.013600
0.058667
0.023467
0.053601
0.018667
0.023467
0.003467
0.033600
0.003467
0.058667
0.003467
0.053601
0.013600
0.028534
-0.021600
0.063734
-0.001333
0.073601
-0.001333
0.028534
-0.001333
0.028534
-0.001333
0.058667
0.033600
0.073601
0.008533
0.018667
-0.016534
0.018667
-0.026400
0.033600
0.003467
0.038667
-0.031467
0.053601
0.028534
0.058667
0.028534
0.048534
0.028534
0.058667
0.023467
0.048534
-0.021600
0.033600
0.033600
0.038667
0.003467
0.043734
0.038667
0.078668
0.063734
0.053601
0.013600
0.048534
0.023467
0.033600
-0.011467
0.028534
-0.016534
0.023467
0.033600
0.028534
0.023467
0.053601
0.003467
0.058667
-0.006400
0.033600
0.003467
0.048534
0.013600
0.023467
0.003467
0.013600
-0.001333
0.028534
0.018667
0.063734
0.023467
0.053601
-0.006400
0.023467
-0.001333
0.033600
0.023467
0.033600
0.013600
0.063734
-0.011467
0.048534
0.003467
0.078668
0.013600
0.068534
-0.016534
0.028534
-0.026400
0.013600
-0.026400
0.033600
-0.001333
0.053601
0.023467
0.048534
0.033600
0.083734
0.033600
0.043734
0.023467
0.048534
-0.041601
0.023467
-0.001333
-0.001333
-0.051467
0.003467
0.003467
0.053601
-0.011467
0.048534
0.008533
0.038667
-0.016534
0.073601
0.013600
0.048534
-0.036534
0.003467
-0.026400
0.033600
0.013600
0.053601
0.023467
0.043734
0.003467
0.028534
-0.006400
0.018667
-0.021600
0.033600
-0.026400
0.013600
-0.011467
0.048534
-0.011467
0.063734
0.013600
0.088801
0.013600
0.038667
0.013600
0.063734
0.023467
0.063734
-0.021600
0.033600
0.023467
0.048534
0.008533
0.053601
-0.016534
0.038667
-0.006400
0.063734
-0.011467
0.013600
-0.006400
0.028534
-0.036534
0.013600
-0.036534
0.053601
-0.011467
0.028534
-0.001333
0.028534
0.048534
0.033600
0.008533
0.028534
-0.006400
0.013600
0.003467
0.023467
-0.021600
0.038667
-0.016534
0.038667
-0.026400
0.088801
0.018667
0.038667
0.023467
0.038667
0.033600
0.038667
-0.011467
0.023467
-0.011467
0.018667
-0.026400
0.038667
-0.011467
0.023467
0.003467
0.033600
0.023467
0.053601
0.038667
0.073601
0.038667
0.073601
0.023467
0.078668
0.013600
0.038667
0.003467
0.058667
0.013600
0.048534
0.048534
0.003467
-0.011467
0.013600
0.013600
0.028534
-0.006400
0.013600
0.003467
0.033600
-0.011467
0.038667
0.013600
0.038667
-0.001333
0.068534
0.013600
0.038667
-0.016534
0.023467
-0.001333
0.038667
-0.021600
0.053601
-0.011467
0.028534
0.003467
0.038667
-0.001333
0.038667
-0.011467
0.028534
-0.001333
0.028534
-0.011467
0.013600
0.013600
0.063734
0.028534
0.043734
0.008533
0.048534
0.013600
0.038667
-0.026400
0.038667
-0.011467
0.038667
0.018667
0.038667
-0.026400
0.028534
0.008533
0.043734
-0.041601
0.043734
-0.036534
0.023467
-0.001333
0.053601
-0.001333
0.013600
0.018667
0.048534
0.028534
0.048534
0.003467
0.048534
-0.016534
0.038667
0.008533
0.038667
-0.011467
0.038667
-0.001333
0.053601
0.018667
0.048534
-0.001333
0.073601
0.038667
0.048534
0.033600
0.068534
-0.001333
0.053601
0.013600
0.033600
0.023467
0.053601
-0.011467
0.008533
-0.021600
0.038667
0.053601
0.073601
0.013600
0.053601
-0.001333
0.028534
0.008533
0.038667
0.023467
0.068534
0.028534
0.088801
0.003467
0.063734
-0.001333
0.013600
-0.011467
0.028534
-0.021600
0.073601
-0.001333
0.038667
0.008533
0.063734
-0.011467
0.038667
-0.001333
0.003467
-0.026400
0.058667
-0.016534
0.033600
0.008533
0.038667
-0.001333
0.053601
-0.046667
0.033600
-0.011467
0.028534
0.013600
0.063734
-0.001333
0.048534
-0.021600
0.028534
-0.021600
0.013600
-0.011467
0.053601
-0.026400
0.028534
-0.001333
0.028534
-0.011467
0.073601
-0.021600
0.003467
-0.021600
-0.001333
-0.011467
0.098668
0.018667
0.028534
-0.026400
0.013600
0.013600
0.028534
-0.021600
0.023467
-0.011467
0.028534
0.038667
0.063734
0.023467
0.063734
0.028534
0.028534
-0.001333
0.033600
0.003467
0.028534
-0.001333
0.003467
0.008533
0.058667
-0.001333
0.028534
0.003467
0.028534
-0.001333
0.023467
-0.001333
0.058667
-0.001333
0.028534
-0.021600
0.053601
0.013600
0.058667
-0.011467
0.043734
-0.001333
0.053601
0.013600
0.068534
-0.026400
0.038667
-0.001333
0.048534
-0.001333
0.023467
0.028534
0.043734
0.023467
0.048534
0.003467
0.048534
-0.016534
0.028534
-0.006400
0.038667
-0.006400
0.068534
-0.011467
0.028534
-0.011467
-0.001333
-0.011467
0.058667
-0.021600
0.033600
-0.011467
0.028534
0.023467
0.083734
-0.001333
0.038667
0.033600
0.053601
-0.011467
0.033600
0.028534
0.038667
-0.001333
0.043734
0.008533
0.048534
0.013600
0.013600
-0.001333
0.048534
-0.006400
0.038667
-0.011467
0.053601
-0.036534
0.033600
0.028534
0.043734
0.013600
0.063734
0.018667
0.053601
-0.001333
0.043734
0.003467
0.073601
-0.001333
0.033600
-0.011467
0.063734
0.018667
0.068534
0.013600
0.088801
-0.001333
0.003467
0.028534
0.053601
0.003467
0.053601
0.013600
0.038667
-0.026400
0.043734
0.018667
0.058667
0.028534
0.038667
-0.001333
0.028534
0.003467
0.063734
-0.016534
0.053601
-0.006400
0.038667
-0.036534
0.063734
0.013600
0.028534
0.013600
0.063734
-0.011467
0.053601
-0.001333
0.073601
-0.011467
0.073601
0.008533
0.048534
-0.016534
0.053601
0.003467
0.028534
-0.016534
0.053601
0.023467
0.028534
0.038667
0.063734
0.003467
0.043734
0.003467
0.038667
-0.006400
0.073601
-0.001333
0.028534
0.003467
0.003467
0.018667
0.018667
-0.021600
0.048534
0.003467
0.028534
-0.011467
0.028534
-0.016534
0.028534
0.003467
0.073601
-0.001333
0.013600
0.023467
0.063734
0.013600
0.063734
0.038667
0.068534
-0.016534
0.063734
0.008533
0.088801
0.013600
0.083734
0.028534
0.073601
0.013600
0.053601
0.028534
0.023467
0.023467
0.028534
-0.001333
0.043734
0.003467
0.033600
-0.001333
0.038667
-0.026400
0.043734
0.028534
0.038667
-0.006400
0.053601
-0.006400
0.053601
0.013600
0.033600
0.008533
0.043734
-0.021600
0.028534
0.003467
0.048534
0.003467
0.053601
0.018667
0.038667
-0.006400
0.043734
0.018667
0.063734
0.013600
0.068534
-0.006400
0.028534
0.013600
0.013600
-0.001333
0.028534
-0.006400
0.078668
-0.006400
0.078668
-0.011467
0.013600
-0.021600
0.053601
0.008533
0.003467
-0.021600
0.028534
-0.036534
0.023467
0.023467
0.043734
0.003467
0.093601
0.033600
0.063734
-0.036534
0.053601
-0.001333
0.038667
-0.001333
-0.001333
-0.036534
0.048534
0.008533
0.048534
-0.016534
0.048534
-0.001333
0.073601
0.003467
0.033600
0.013600
0.018667
-0.021600
0.048534
0.003467
-0.011467
-0.016534
0.038667
-0.001333
0.018667
-0.036534
0.013600
-0.031467
0.073601
-0.011467
0.018667
-0.006400
0.038667
-0.001333
0.003467
0.003467
0.003467
0.013600
0.018667
0.028534
0.063734
-0.011467
0.008533
0.023467
0.053601
0.008533
0.048534
0.008533
0.028534
-0.021600
0.063734
-0.021600
0.023467
0.003467
0.033600
-0.006400
0.048534
0.003467
0.038667
0.003467
0.068534
0.003467
0.018667
-0.001333
0.058667
-0.026400
0.028534
0.023467
0.028534
-0.016534
0.053601
-0.011467
0.053601
-0.011467
0.053601
-0.001333
0.048534
-0.031467
0.063734
-0.011467
0.048534
-0.001333
0.063734
0.003467
0.078668
0.003467
0.043734
0.003467
0.043734
0.003467
0.033600
0.018667
0.048534
-0.001333
0.068534
0.038667
0.048534
0.003467
0.068534
0.018667
0.033600
0.013600
0.063734
0.003467
0.023467
0.018667
0.068534
-0.011467
0.018667
-0.001333
0.058667
0.003467
0.043734
-0.021600
0.043734
-0.021600
0.023467
-0.001333
0.048534
-0.011467
0.038667
0.008533
0.023467
-0.021600
0.078668
0.013600
0.048534
-0.011467
0.048534
-0.001333
0.038667
-0.011467
0.028534
0.003467
0.063734
-0.011467
0.008533
0.028534
0.043734
0.023467
0.063734
-0.011467
0.068534
0.028534
0.043734
-0.011467
0.053601
-0.026400
0.028534
-0.021600
0.053601
0.048534
0.038667
0.003467
0.048534
0.003467
0.048534
-0.011467
0.038667
0.008533
0.038667
0.003467
0.028534
-0.001333
0.008533
-0.011467
0.053601
-0.001333
0.028534
-0.011467
0.018667
0.003467
0.058667
-0.016534
0.048534
-0.001333
0.033600
0.013600
0.053601
0.008533
0.078668
0.018667
0.063734
0.023467
0.048534
0.013600
0.053601
-0.011467
0.063734
-0.001333
0.038667
-0.021600
0.048534
-0.026400
0.038667
-0.011467
0.018667
0.013600
0.028534
0.018667
0.073601
-0.011467
0.033600
0.023467
0.078668
0.038667
0.038667
0.008533
0.048534
0.023467
0.053601
0.003467
0.073601
-0.016534
0.038667
-0.006400
0.063734
0.023467
0.028534
0.018667
0.038667
0.013600
0.033600
0.023467
0.038667
-0.026400
0.033600
-0.011467
0.053601
0.028534
0.028534
0.023467
0.038667
0.013600
0.038667
-0.016534
0.043734
0.003467
0.063734
-0.006400
0.023467
-0.021600
0.043734
-0.011467
0.048534
0.008533
0.058667
0.003467
0.028534
0.028534
0.038667
-0.021600
0.083734
0.003467
0.018667
-0.011467
0.053601
0.003467
0.048534
-0.001333
0.053601
0.003467
0.063734
-0.006400
0.013600
0.023467
0.013600
0.018667
0.083734
0.048534
0.053601
-0.006400
0.048534
-0.006400
0.038667
-0.036534
0.043734
0.013600
0.048534
0.003467
0.048534
-0.006400
0.058667
0.003467
0.038667
0.013600
0.083734
0.028534
0.053601
0.028534
0.063734
-0.001333
0.053601
0.023467
0.038667
0.018667
0.053601
0.013600
0.048534
-0.021600
0.028534
-0.011467
0.078668
-0.001333
0.053601
0.028534
0.053601
0.018667
0.038667
0.013600
0.023467
-0.001333
0.028534
-0.001333
0.038667
0.008533
0.028534
0.013600
0.048534
-0.001333
0.043734
-0.021600
0.063734
0.018667
0.033600
-0.001333
0.018667
-0.031467
0.053601
-0.021600
0.033600
-0.011467
0.043734
-0.026400
0.033600
-0.021600
0.038667
0.008533
0.048534
0.013600
0.058667
0.013600
0.048534
-0.001333
0.038667
-0.021600
0.028534
0.008533
0.063734
0.013600
0.043734
0.003467
0.028534
-0.011467
0.043734
-0.006400
0.053601
0.018667
0.048534
0.038667
0.058667
-0.026400
0.038667
0.008533
0.048534
-0.026400
0.073601
0.008533
0.023467
-0.021600
0.018667
0.003467
0.048534
-0.006400
0.028534
0.023467
0.048534
0.018667
0.043734
-0.011467
0.008533
0.013600
0.048534
-0.001333
0.048534
-0.011467
0.053601
-0.036534
0.028534
0.003467
0.063734
0.023467
0.043734
-0.001333
0.028534
0.003467
0.038667
0.023467
0.063734
-0.071468
0.023467
0.003467
0.073601
-0.006400
0.048534
-0.001333
0.068534
-0.001333
0.073601
0.013600
0.053601
0.003467
0.038667
0.023467
0.053601
-0.021600
0.023467
0.008533
0.048534
-0.001333
0.028534
-0.021600
0.038667
0.023467
0.048534
-0.011467
0.078668
0.013600
0.058667
0.028534
0.038667
0.003467
0.038667
-0.001333
0.043734
-0.011467
0.038667
-0.001333
0.043734
-0.021600
0.028534
-0.001333
0.053601
0.028534
0.048534
0.003467
0.053601
0.013600
0.043734
0.003467
0.048534
-0.001333
0.088801
-0.016534
0.073601
-0.001333
0.008533
-0.001333
0.048534
-0.011467
0.063734
0.053601
0.053601
0.028534
0.043734
0.008533
0.053601
-0.011467
0.043734
-0.011467
0.028534
0.003467
0.023467
-0.021600
0.033600
-0.026400
0.013600
0.003467
0.033600
-0.021600
0.048534
0.003467
0.013600
-0.011467
0.038667
0.013600
0.013600
0.018667
0.068534
0.018667
0.028534
-0.016534
0.053601
-0.011467
0.018667
-0.011467
0.043734
-0.006400
0.048534
-0.026400
0.028534
0.003467
0.018667
-0.026400
0.008533
0.013600
0.008533
-0.046667
0.003467
-0.011467
0.033600
-0.006400
0.023467
0.018667
0.023467
-0.001333
0.043734
-0.001333
0.013600
-0.006400
0.013600
-0.021600
0.028534
-0.001333
0.023467
-0.006400
0.038667
-0.001333
0.053601
0.003467
0.078668
0.028534
0.078668
0.028534
0.053601
-0.016534
0.053601
-0.021600
0.038667
-0.001333
0.043734
0.008533
0.003467
-0.021600
0.028534
0.003467
0.053601
-0.026400
0.028534
-0.021600
0.033600
-0.016534
0.013600
0.023467
0.028534
0.003467
0.013600
-0.001333
0.043734
-0.036534
0.038667
-0.021600
0.053601
-0.016534
0.053601
-0.011467
0.003467
-0.046667
0.068534
-0.006400
0.053601
0.018667
0.063734
-0.001333
0.048534
0.008533
0.053601
-0.021600
0.018667
0.028534
0.038667
-0.011467
0.053601
0.003467
0.033600
-0.001333
0.048534
-0.021600
0.038667
-0.031467
0.053601
0.013600
0.048534
0.003467
0.038667
0.003467
0.038667
0.013600
0.048534
0.013600
0.033600
-0.026400
0.013600
-0.021600
0.013600
-0.016534
0.023467
0.003467
0.058667
0.013600
0.063734
-0.011467
0.028534
-0.021600
0.003467
-0.021600
0.023467
-0.006400
0.028534
0.003467
0.048534
0.023467
0.028534
-0.011467
0.013600
-0.021600
0.038667
-0.001333
0.013600
0.033600
0.058667
0.013600
0.038667
-0.001333
0.063734
-0.026400
0.053601
0.003467
0.013600
0.018667
0.028534
0.013600
0.038667
-0.011467
0.048534
-0.011467
0.053601
-0.026400
0.048534
0.003467
0.048534
0.038667
0.048534
-0.011467
0.068534
-0.021600
0.048534
-0.006400
0.038667
0.013600
0.043734
0.038667
0.073601
0.023467
0.048534
-0.006400
0.053601
-0.001333
0.063734
-0.011467
0.073601
0.023467
0.058667
-0.021600
0.048534
-0.006400
0.048534
-0.011467
0.023467
-0.031467
0.038667
0.023467
0.058667
-0.006400
0.038667
-0.026400
0.018667
0.008533
0.038667
0.028534
0.053601
0.008533
0.018667
0.023467
0.043734
-0.021600
0.023467
-0.011467
0.008533
-0.016534
0.028534
0.003467
0.048534
-0.006400
0.038667
0.003467
0.053601
-0.006400
0.003467
-0.001333
0.023467
0.013600
0.048534
0.023467
0.048534
-0.016534
0.028534
-0.001333
0.023467
0.023467
0.053601
-0.006400
0.013600
-0.016534
0.038667
0.013600
0.038667
0.008533
0.048534
-0.026400
0.038667
-0.021600
0.023467
-0.016534
0.053601
-0.011467
0.088801
0.013600
0.038667
0.023467
0.043734
-0.021600
0.018667
0.023467
0.033600
0.003467
0.023467
0.003467
0.003467
-0.011467
0.043734
-0.001333
0.038667
0.023467
0.038667
-0.006400
0.023467
-0.001333
0.063734
-0.016534
0.028534
-0.016534
0.048534
-0.001333
0.028534
-0.016534
0.048534
0.003467
0.058667
-0.011467
0.048534
0.023467
0.078668
-0.016534
0.033600
0.013600
0.053601
0.023467
0.038667
-0.001333
0.038667
-0.006400
0.063734
-0.021600
0.038667
-0.041601
0.028534
-0.016534
0.023467
-0.016534
0.023467
0.008533
0.023467
-0.011467
0.053601
-0.026400
0.068534
0.013600
0.043734
-0.011467
0.038667
-0.001333
0.013600
-0.021600
0.013600
-0.011467
0.048534
0.023467
0.063734
-0.026400
-0.006400
-0.011467
0.038667
-0.001333
0.038667
-0.046667
0.008533
0.023467
0.023467
-0.011467
0.053601
0.003467
0.068534
-0.001333
0.053601
0.063734
0.389072
0.639741
0.865077
1.005346
1.180548
1.200548
1.280816
1.355750
1.566153
1.631220
1.746422
1.766422
1.821623
1.801623
1.806689
1.806689
1.831490
1.806689
1.821623
1.781622
1.826689
1.791489
1.826689
1.801623
1.826689
1.826689
1.846690
1.806689
1.861623
1.806689
1.896824
1.831490
1.896824
1.856557
1.906690
1.871757
1.876557
1.826689
1.911757
1.821623
1.871757
1.811489
1.866690
1.831490
1.881624
1.786422
1.821623
1.801623
1.846690
1.791489
1.851756
1.831490
1.821623
1.816556
1.851756
1.791489
1.831490
1.806689
1.836556
1.801623
1.831490
1.791489
1.821623
1.801623
1.821623
1.781622
1.806689
1.791489
1.831490
1.771489
1.796556
1.596287
0.644541
-0.021600
-0.141602
-0.512273
-0.662675
-0.797877
-0.882944
-1.183481
-1.569086
-1.784556
-1.829623
-1.919757
-1.854690
-1.904557
-1.844556
-1.929624
-1.879490
-1.884557
-1.844556
-1.849623
-1.854690
-1.854690
-1.854690
-1.914691
-1.879490
-1.899757
-1.889624
-1.954691
-1.904557
-1.944824
-1.874690
-0.962945
-0.091734
-0.031467
0.339204
0.549340
0.669608
0.729876
1.075213
1.441085
1.696288
1.756555
1.866690
1.801623
1.791489
1.761622
1.811489
1.756555
1.786422
1.721355
1.746422
1.716288
1.786422
1.751489
1.836556
1.781622
1.826689
1.791489
1.836556
1.801623
1.866690
1.816556
1.220549
0.193869
0.043734
-0.292004
-0.562407
-0.712542
-0.757609
-1.023213
-1.368817
-1.764289
-1.779489
-1.904557
-1.899757
-1.914691
-1.874690
-1.899757
-1.854690
-1.869623
-1.849623
-1.814423
-1.794422
-1.834423
-1.854690
-1.939758
-1.899757
-1.939758
-1.899757
-1.954691
-1.934691
-1.979758
-1.949624
-1.979758
-1.974691
-2.009892
-1.954691
-1.994692
-1.964825
-2.009892
-1.929624
-1.989892
-1.939758
-1.989892
-1.939758
-1.969891
-1.899757
-1.954691
-1.934691
-1.954691
-1.904557
-1.904557
-1.894690
-1.939758
-1.864557
-1.924557
-1.909624
-1.934691
-1.874690
-1.914691
-1.834423
-1.904557
-1.869623
-1.919757
-1.679221
-0.637608
-0.056534
0.068534
0.464272
0.614674
0.724809
0.814944
1.195482
1.541086
1.736555
1.781622
1.856557
1.791489
1.796556
1.771489
1.821623
1.781622
1.766422
1.731488
1.796556
1.731488
1.806689
1.766422
1.831490
1.781622
1.846690
1.811489
1.836556
1.806689
1.871757
1.781622
0.930145
0.133868
-0.041601
-0.377071
-0.602408
-0.747743
-0.817877
-1.153348
-1.518952
-1.794422
-1.844556
-1.954691
-1.904557
-1.949624
-1.889624
-1.939758
-1.874690
-1.889624
-1.814423
-1.829623
-1.814423
-1.904557
-1.854690
-1.919757
-1.889624
-1.939758
-1.899757
-1.954691
-1.919757
-1.954691
-1.884557
-1.333617
-0.241870
-0.086668
0.204003
0.484273
0.644541
0.654675
0.925078
1.325883
1.646421
1.731488
1.871757
1.791489
1.831490
1.746422
1.796556
1.716288
1.736555
1.691488
1.721355
1.701355
1.731488
1.751489
1.826689
1.791489
1.811489
1.781622
1.816556
1.806689
1.831490
1.806689
1.456018
0.354138
0.048534
-0.206936
-0.552274
-0.722676
-0.792810
-0.953079
-1.288549
-1.729355
-1.774422
-1.909624
-1.879490
-1.924557
-1.854690
-1.909624
-1.889624
-1.879490
-1.854690
-1.879490
-1.824556
-1.899757
-1.889624
-1.934691
-1.889624
-1.909624
-1.889624
-1.939758
-1.924557
-1.984825
-1.959758
-1.994692
-1.964825
-1.994692
-1.954691
-2.009892
-1.979758
-2.024825
-1.954691
-2.019759
-1.954691
-2.024825
-1.994692
-1.999758
-1.949624
-1.949624
-1.899757
-1.954691
-1.904557
-1.919757
-1.874690
-1.934691
-1.904557
-1.954691
-1.929624
-1.959758
-1.904557
-1.939758
-1.889624
-1.889624
-1.849623
-1.879490
-1.789356
-0.877878
-0.081601
0.003467
0.364271
0.599474
0.684809
0.729876
1.040280
1.450951
1.701355
1.756555
1.886690
1.811489
1.856557
1.771489
1.796556
1.766422
1.761622
1.691488
1.731488
1.711488
1.751489
1.751489
1.831490
1.801623
1.846690
1.846690
1.876557
1.856557
1.926691
1.891757
1.951758
1.901624
1.936824
1.876557
1.916824
1.861623
1.911757
1.826689
1.876557
1.841623
1.896824
1.806689
1.881624
1.801623
1.836556
1.786422
1.846690
1.801623
1.841623
1.816556
1.856557
1.791489
1.856557
1.776556
1.851756
1.776556
1.821623
1.791489
1.836556
1.771489
1.796556
1.390951
0.364271
-0.006400
-0.216803
-0.587474
-0.677608
-0.812810
-0.942945
-1.358684
-1.684288
-1.824556
-1.904557
-1.959758
-1.934691
-1.939758
-1.924557
-1.954691
-1.864557
-1.899757
-1.814423
-1.839490
-1.814423
-1.934691
-1.879490
-1.909624
-1.899757
-1.954691
-1.934691
-1.964825
-1.939758
-1.974691
-1.774422
-0.697609
-0.086668
0.023467
0.449339
0.599474
0.699742
0.759743
1.140548
1.531219
1.681354
1.771489
1.841623
1.781622
1.821623
1.786422
1.801623
1.766422
1.766422
1.716288
1.766422
1.731488
1.771489
1.756555
1.826689
1.741355
1.781622
1.766422
1.811489
1.811489
1.891757
1.766422
0.930145
0.103735
0.013600
-0.387205
-0.612541
-0.722676
-0.792810
-1.138414
-1.493885
-1.729355
-1.819489
-1.939758
-1.859490
-1.929624
-1.849623
-1.879490
-1.864557
-1.889624
-1.819489
-1.874690
-1.829623
-1.874690
-1.864557
-1.934691
-1.899757
-1.949624
-1.884557
-1.924557
-1.914691
-1.954691
-1.914691
-1.969891
-1.979758
-2.024825
-1.954691
-2.019759
-1.954691
-1.989892
-1.944824
-1.999758
-1.939758
-2.014959
-1.939758
-1.989892
-1.909624
-1.939758
-1.884557
-1.979758
-1.929624
-1.924557
-1.899757
-1.964825
-1.899757
-1.949624
-1.924557
-1.929624
-1.889624
-1.934691
-1.884557
-1.924557
-1.904557
-1.899757
-1.874690
-1.904557
-1.884557
-1.929624
-1.909624
-1.949624
-1.889624
-1.929624
-1.884557
-1.949624
-1.929624
-1.924557
-1.899757
-1.929624
-1.904557
-1.934691
-1.884557
-1.914691
-1.909624
-1.974691
-1.884557
-1.899757
-1.904557
-1.924557
-1.914691
-1.929624
-1.889624
-1.964825
-1.899757
-1.924557
-1.894690
-1.964825
-1.899757
-1.924557
-1.894690
-1.949624
-1.894690
-1.949624
-1.899757
-1.969891
-1.904557
-1.939758
-1.914691
-1.919757
-1.874690
-1.964825
-1.889624
-1.949624
-1.919757
-1.924557
-1.894690
-1.924557
-1.904557
-1.944824
-1.889624
-1.949624
-1.889624
-1.944824
-1.894690
-1.969891
-1.899757
-1.959758
-1.949624
-1.929624
-1.879490
-1.944824
-1.879490
-1.934691
-1.909624
-1.929624
-1.889624
-1.954691
-1.924557
-1.964825
-1.894690
-1.949624
-1.924557
-1.949624
-1.909624
-1.949624
-1.924557
-1.934691
-1.904557
-1.949624
-1.949624
-1.934691
-1.899757
-1.929624
-1.919757
-1.954691
-1.909624
-1.954691
-1.924557
-1.939758
-1.889624
-1.939758
-1.914691
-1.969891
-1.894690
-1.939758
-1.889624
-1.914691
-1.889624
-1.954691
-1.899757
-1.939758
-1.894690
-1.934691
-1.924557
-1.949624
-1.919757
-1.929624
-1.914691
-1.949624
-1.894690
-1.954691
-1.919757
-1.979758
-1.894690
-1.949624
-1.904557
-1.974691
-1.924557
-1.949624
-1.919757
-1.989892
-1.909624
-1.959758
-1.924557
-1.954691
-1.934691
-1.964825
-1.939758
-1.939758
-1.894690
-1.949624
-1.874690
-1.959758
-1.879490
-1.964825
-1.924557
-1.979758
-1.914691
-1.939758
-1.894690
-1.934691
-1.929624
-1.984825
-1.929624
-1.944824
-1.899757
-1.929624
-1.904557
-1.919757
-1.919757
-1.954691
-1.699221
-0.622408
-0.071468
0.088801
0.454406
0.599474
0.734676
0.779743
1.165615
1.566153
1.756555
1.801623
1.856557
1.816556
1.861623
1.791489
1.826689
1.756555
1.786422
1.731488
1.776556
1.741355
1.781622
1.771489
1.821623
1.791489
1.861623
1.841623
1.836556
1.841623
1.866690
1.871757
1.946691
1.901624
1.931757
1.886690
1.881624
1.876557
1.911757
1.856557
1.871757
1.856557
1.886690
1.836556
1.861623
1.826689
1.856557
1.856557
1.861623
1.816556
1.831490
1.801623
1.846690
1.821623
1.811489
1.801623
1.856557
1.796556
1.836556
1.801623
1.861623
1.796556
1.826689
1.105347
0.178936
-0.051467
-0.326937
-0.662675
-0.712542
-0.862944
-0.998146
-1.489085
-1.734422
-1.889624
-1.939758
-1.959758
-1.904557
-1.929624
-1.904557
-1.924557
-1.854690
-1.864557
-1.839490
-1.874690
-1.869623
-1.904557
-1.899757
-1.954691
-1.879490
-1.899757
-1.899757
-1.949624
-1.924557
-1.959758
-1.504019
-0.422139
-0.056534
0.088801
0.519473
0.604541
0.719742
0.814944
1.275749
1.591220
1.746422
1.816556
1.851756
1.786422
1.831490
1.791489
1.806689
1.721355
1.731488
1.701355
1.706421
1.696288
1.771489
1.781622
1.821623
1.781622
1.836556
1.806689
1.846690
1.816556
1.886690
1.646421
0.604541
0.063734
-0.071468
-0.487206
-0.637608
-0.757609
-0.857877
-1.228549
-1.594153
-1.799489
-1.864557
-1.939758
-1.899757
-1.879490
-1.879490
-1.924557
-1.874690
-1.884557
-1.834423
-1.844556
-1.824556
-1.899757
-1.849623
-1.929624
-1.914691
-1.934691
-1.904557
-1.954691
-1.904557
-1.954691
-1.929624
-2.039759
-2.004825
-2.004825
-1.989892
-2.024825
-1.944824
-2.024825
-1.949624
-1.964825
-1.954691
-1.954691
-1.914691
-1.989892
-1.929624
-1.954691
-1.889624
-1.939758
-1.904557
-1.909624
-1.884557
-1.924557
-1.889624
-1.924557
-1.874690
-1.914691
-1.879490
-1.904557
-1.879490
-1.889624
-1.884557
-1.884557
-1.188548
-0.231736
0.048534
0.253870
0.599474
0.654675
0.774943
0.980279
1.441085
1.656287
1.836556
1.866690
1.881624
1.806689
1.856557
1.806689
1.836556
1.756555
1.771489
1.726422
1.736555
1.741355
1.811489
1.801623
1.821623
1.801623
1.861623
1.831490
1.871757
1.826689
1.906690
1.441085
0.394138
0.028534
-0.141602
-0.532273
-0.662675
-0.777876
-0.913078
-1.363750
-1.639220
-1.794422
-1.879490
-1.914691
-1.889624
-1.914691
-1.889624
-1.924557
-1.839490
-1.874690
-1.799489
-1.834423
-1.814423
-1.889624
-1.864557
-1.929624
-1.879490
-1.924557
-1.899757
-1.944824
-1.904557
-1.954691
-1.954691
-1.989892
-1.964825
-2.024825
-1.949624
-1.994692
-1.974691
-1.979758
-1.949624
-1.944824
-1.929624
-1.949624
-1.899757
-1.929624
-1.879490
-1.944824
-1.889624
-1.949624
-1.889624
-1.949624
-1.884557
-1.914691
-1.884557
-1.889624
-1.849623
-1.904557
-1.864557
-1.894690
-1.864557
-1.909624
-1.854690
-1.804556
-0.842944
-0.106668
0.048534
0.364271
0.644541
0.709609
0.814944
1.055213
1.536019
1.701355
1.841623
1.841623
1.871757
1.811489
1.861623
1.786422
1.826689
1.776556
1.786422
1.756555
1.761622
1.741355
1.836556
1.801623
1.836556
1.796556
1.891757
1.816556
1.861623
1.911757
1.891757
1.881624
1.926691
1.856557
1.931757
1.881624
1.906690
1.866690
1.911757
1.851756
1.871757
1.846690
1.886690
1.831490
1.881624
1.841623
1.861623
1.831490
1.856557
1.806689
1.856557
1.831490
1.871757
1.831490
1.831490
1.856557
1.866690
1.791489
1.876557
1.796556
1.856557
1.806689
1.836556
1.806689
1.871757
1.811489
1.856557
1.806689
1.831490
1.806689
1.836556
1.781622
1.841623
1.771489
1.846690
1.821623
1.851756
1.796556
1.846690
1.776556
1.836556
1.801623
1.841623
1.796556
1.846690
1.831490
1.831490
1.816556
1.841623
1.821623
1.831490
1.806689
1.866690
1.826689
1.881624
1.826689
1.866690
1.826689
1.836556
1.806689
1.836556
1.826689
1.856557
1.811489
1.881624
1.851756
1.886690
1.816556
1.836556
1.811489
1.826689
1.806689
1.871757
1.816556
1.836556
1.826689
1.886690
1.776556
1.846690
1.816556
1.836556
1.831490
1.846690
1.811489
1.786422
0.834944
0.118668
-0.131735
-0.382138
-0.677608
-0.737609
-0.902945
-1.088280
-1.554153
-1.714421
-1.914691
-1.914691
-1.974691
-1.914691
-1.904557
-1.874690
-1.904557
-1.839490
-1.884557
-1.809623
-1.854690
-1.829623
-1.899757
-1.824556
-1.914691
-1.899757
-1.939758
-1.914691
-1.959758
-1.924557
-1.979758
-1.939758
-1.999758
-1.949624
-1.989892
-1.914691
-2.014959
-1.924557
-1.989892
-1.949624
-1.989892
-1.929624
-1.939758
-1.904557
-1.964825
-1.899757
-1.949624
-1.899757
-1.919757
-1.889624
-1.939758
-1.889624
-1.934691
-1.899757
-1.934691
-1.859490
-1.929624
-1.864557
-1.929624
-1.854690
-1.939758
-1.849623
-1.949624
-1.864557
-1.914691
-1.874690
-1.929624
-1.839490
-1.914691
-1.874690
-1.899757
-1.859490
-1.914691
-1.879490
-1.899757
-1.864557
-1.924557
-1.854690
-1.939758
-1.889624
-1.914691
-1.864557
-1.904557
-1.874690
-1.939758
-1.874690
-1.929624
-1.879490
-1.929624
-1.864557
-1.939758
-1.879490
-1.939758
-1.889624
-1.934691
-1.894690
-1.929624
-1.914691
-1.924557
-1.914691
-1.924557
-1.864557
-1.919757
-1.874690
-1.934691
-1.914691
-1.919757
-1.889624
-1.954691
-1.869623
-1.924557
-1.914691
-1.904557
-1.904557
-1.944824
-1.944824
-1.934691
-1.914691
-1.959758
-1.884557
-1.919757
-1.884557
-1.939758
-1.889624
-1.924557
-1.899757
-1.924557
-1.889624
-1.944824
-1.894690
-1.919757
-1.874690
-1.939758
-1.889624
-1.964825
-1.899757
-1.899757
-1.879490
-1.914691
-1.904557
-1.924557
-1.884557
-1.929624
-1.879490
-1.919757
-1.899757
-1.959758
-1.899757
-1.934691
-1.909624
-1.944824
-1.834423
-1.924557
-1.864557
-1.914691
-1.839490
-1.148281
-0.166669
-0.021600
0.319204
0.604541
0.724809
0.744809
1.020279
1.390951
1.736555
1.766422
1.906690
1.876557
1.881624
1.801623
1.836556
1.821623
1.821623
1.731488
1.786422
1.731488
1.801623
1.766422
1.821623
1.801623
1.826689
1.801623
1.896824
1.831490
1.901624
1.881624
1.496019
0.359204
0.113601
-0.201869
-0.527473
-0.647475
-0.717609
-0.953079
-1.303750
-1.724288
-1.769355
-1.929624
-1.899757
-1.899757
-1.889624
-1.904557
-1.854690
-1.879490
-1.819489
-1.854690
-1.779489
-1.844556
-1.864557
-1.899757
-1.859490
-1.924557
-1.879490
-1.914691
-1.919757
-1.939758
-1.929624
-1.994692
-1.964825
-2.029892
-1.954691
-2.009892
-1.949624
-1.954691
-1.929624
-1.979758
-1.929624
-1.939758
-1.904557
-1.899757
-1.874690
-1.924557
-1.874690
-1.924557
-1.864557
-1.949624
-1.864557
-1.914691
-1.894690
-1.939758
-1.884557
-1.909624
-1.884557
-1.929624
-1.874690
-1.929624
-1.839490
-1.914691
-1.884557
-1.914691
-1.899757
-1.929624
-1.879490
-1.889624
-1.899757
-1.899757
-1.874690
-1.929624
-1.864557
-1.904557
-1.849623
-1.884557
-1.844556
-1.904557
-1.859490
-1.929624
-1.854690
-1.929624
-1.864557
-1.929624
-1.909624
-1.889624
-1.874690
-1.914691
-1.869623
-1.889624
-1.889624
-1.889624
-1.859490
-1.869623
-1.148281
-0.201869
0.023467
0.238936
0.634675
0.679742
0.804810
0.965079
1.400818
1.696288
1.796556
1.851756
1.871757
1.831490
1.826689
1.816556
1.846690
1.776556
1.796556
1.781622
1.756555
1.756555
1.806689
1.786422
1.856557
1.826689
1.876557
1.851756
1.881624
1.836556
1.916824
1.886690
1.911757
1.881624
1.956824
1.891757
1.926691
1.836556
1.931757
1.876557
1.896824
1.866690
1.906690
1.846690
1.891757
1.856557
1.856557
1.831490
1.836556
1.826689
1.871757
1.806689
1.861623
1.811489
1.831490
1.816556
1.831490
1.791489
1.836556
1.836556
1.836556
1.801623
1.631220
0.549340
0.058667
-0.201869
-0.492273
-0.697609
-0.772810
-0.913078
-1.233615
-1.669354
-1.764289
-1.909624
-1.939758
-1.939758
-1.879490
-1.949624
-1.874690
-1.899757
-1.849623
-1.864557
-1.829623
-1.849623
-1.839490
-1.919757
-1.879490
-1.939758
-1.879490
-1.934691
-1.894690
-1.969891
-1.914691
-1.954691
-1.954691
-2.024825
-1.964825
-1.999758
-1.969891
-2.004825
-1.914691
-1.979758
-1.924557
-1.979758
-1.924557
-1.944824
-1.909624
-1.944824
-1.904557
-1.949624
-1.889624
-1.954691
-1.874690
-1.939758
-1.864557
-1.954691
-1.879490
-1.889624
-1.839490
-1.889624
-1.839490
-1.914691
-1.874690
-1.914691
-1.849623
-1.148281
-0.156802
-0.031467
0.324004
0.589607
0.704809
0.779743
1.030146
1.390951
1.756555
1.776556
1.916824
1.876557
1.871757
1.806689
1.866690
1.826689
1.836556
1.766422
1.811489
1.701355
1.791489
1.766422
1.821623
1.821623
1.861623
1.831490
1.846690
1.841623
1.896824
1.826689
1.436018
0.324004
0.068534
-0.246936
-0.522407
-0.707742
-0.757609
-0.948012
-1.328817
-1.704288
-1.769355
-1.954691
-1.879490
-1.929624
-1.864557
-1.899757
-1.884557
-1.879490
-1.829623
-1.834423
-1.754422
-1.789356
-1.829623
-1.899757
-1.839490
-1.914691
-1.864557
-1.924557
-1.854690
-1.899757
-1.889624
-1.719221
-0.557340
-0.116535
0.108801
0.429339
0.654675
0.664542
0.849877
1.170415
1.611220
1.701355
1.851756
1.816556
1.836556
1.811489
1.841623
1.826689
1.826689
1.771489
1.806689
1.741355
1.781622
1.756555
1.861623
1.821623
1.861623
1.786422
1.866690
1.831490
1.886690
1.866690
1.806689
0.849877
0.173869
-0.021600
-0.342138
-0.627475
-0.697609
-0.852811
-1.093347
-1.549086
-1.719221
-1.834423
-1.899757
-1.929624
-1.869623
-1.869623
-1.894690
-1.894690
-1.854690
-1.844556
-1.824556
-1.854690
-1.844556
-1.859490
-1.869623
-1.899757
-1.864557
-1.899757
-1.879490
-1.929624
-1.919757
-1.964825
-1.158414
-0.226936
-0.021600
0.233870
0.569607
0.614674
0.749876
0.935212
1.405884
1.646421
1.791489
1.836556
1.866690
1.816556
1.831490
1.801623
1.861623
1.756555
1.781622
1.716288
1.781622
1.776556
1.851756
1.791489
1.861623
1.791489
1.861623
1.856557
1.871757
1.851756
1.906690
1.425884
0.394138
0.043734
-0.141602
-0.517340
-0.612541
-0.787743
-0.908011
-1.323750
-1.639220
-1.779489
-1.884557
-1.949624
-1.874690
-1.894690
-1.849623
-1.874690
-1.824556
-1.834423
-1.789356
-1.829623
-1.804556
-1.879490
-1.829623
-1.909624
-1.849623
-1.899757
-1.884557
-1.949624
-1.914691
-1.969891
-1.954691
-1.999758
-1.954691
-1.984825
-1.979758
-2.014959
-1.934691
-1.964825
-1.939758
-1.954691
-1.899757
-1.959758
-1.874690
-1.929624
-1.884557
-1.944824
-1.879490
-1.964825
-1.869623
-1.914691
-1.874690
-1.909624
-1.864557
-1.874690
-1.879490
-1.914691
-1.864557
-1.894690
-1.864557
-1.904557
-1.864557
-1.814423
-0.822944
-0.086668
0.108801
0.379205
0.659742
0.689609
0.829877
1.115481
1.510952
1.686421
1.841623
1.851756
1.871757
1.791489
1.851756
1.821623
1.831490
1.731488
1.811489
1.736555
1.781622
1.776556
1.831490
1.791489
1.846690
1.816556
1.871757
1.831490
1.881624
1.866690
1.911757
1.926691
1.926691
1.911757
1.946691
1.901624
1.936824
1.901624
1.921891
1.866690
1.906690
1.851756
1.896824
1.861623
1.866690
1.826689
1.861623
1.806689
1.846690
1.856557
1.861623
1.816556
1.861623
1.826689
1.861623
1.826689
1.826689
1.806689
1.831490
1.816556
1.881624
1.806689
1.416018
0.304004
0.028534
-0.252003
-0.542407
-0.702675
-0.787743
-0.988012
-1.303750
-1.714421
-1.759489
-1.914691
-1.889624
-1.879490
-1.869623
-1.884557
-1.864557
-1.934691
-1.814423
-1.849623
-1.829623
-1.864557
-1.824556
-1.904557
-1.869623
-1.924557
-1.879490
-1.914691
-1.899757
-1.984825
-1.934691
-1.724288
-0.537340
-0.116535
0.088801
0.394138
0.664542
0.679742
0.824810
1.175481
1.586153
1.691488
1.876557
1.851756
1.861623
1.801623
1.881624
1.811489
1.826689
1.756555
1.796556
1.731488
1.781622
1.751489
1.821623
1.821623
1.871757
1.841623
1.871757
1.851756
1.881624
1.871757
1.946691
1.911757
1.966958
1.866690
1.911757
1.911757
1.906690
1.861623
1.891757
1.866690
1.886690
1.856557
1.921891
1.866690
1.886690
1.851756
1.871757
1.866690
1.861623
1.816556
1.871757
1.836556
1.871757
1.826689
1.876557
1.806689
1.851756
1.831490
1.851756
1.811489
1.866690
1.791489
1.871757
1.831490
1.811489
1.816556
1.866690
1.791489
1.901624
1.836556
1.861623
1.856557
1.841623
1.806689
1.871757
1.806689
1.861623
1.811489
1.856557
1.831490
1.866690
1.801623
1.851756
1.826689
1.831490
1.806689
1.846690
1.821623
1.851756
1.806689
1.861623
1.806689
1.871757
1.360817
0.369071
0.023467
-0.201869
-0.597341
-0.682675
-0.842944
-0.973079
-1.368817
-1.699221
-1.849623
-1.914691
-1.929624
-1.899757
-1.924557
-1.879490
-1.914691
-1.864557
-1.854690
-1.829623
-1.839490
-1.794422
-1.904557
-1.879490
-1.904557
-1.874690
-1.924557
-1.879490
-1.929624
-1.934691
-1.954691
-1.934691
-2.024825
-1.964825
-1.984825
-1.954691
-2.014959
-1.949624
-1.949624
-1.934691
-1.944824
-1.924557
-1.949624
-1.879490
-1.934691
-1.914691
-1.929624
-1.879490
-1.909624
-1.864557
-1.899757
-1.864557
-1.914691
-1.904557
-1.964825
-1.864557
-1.904557
-1.839490
-1.929624
-1.884557
-1.904557
-1.889624
-1.904557
-1.894690
-1.889624
-1.894690
-1.879490
-1.854690
-1.924557
-1.864557
-1.914691
-1.854690
-1.924557
-1.864557
-1.914691
-1.879490
-1.904557
-1.884557
-1.924557
-1.879490
-1.899757
-1.869623
-1.919757
-1.884557
-1.934691
-1.869623
-1.909624
-1.874690
-1.879490
-1.839490
-1.924557
-1.839490
-1.894690
-1.834423
-1.203482
-0.201869
-0.021600
0.329071
0.589607
0.704809
0.749876
1.050413
1.425884
1.726422
1.801623
1.906690
1.866690
1.891757
1.811489
1.856557
1.781622
1.771489
1.741355
1.806689
1.751489
1.811489
1.751489
1.841623
1.816556
1.876557
1.826689
1.886690
1.861623
1.881624
1.876557
1.956824
1.911757
1.941891
1.921891
1.916824
1.886690
1.921891
1.861623
1.926691
1.881624
1.926691
1.866690
1.911757
1.876557
1.861623
1.856557
1.901624
1.821623
1.871757
1.841623
1.866690
1.841623
1.886690
1.816556
1.861623
1.826689
1.841623
1.826689
1.836556
1.811489
1.841623
1.781622
1.861623
1.816556
1.871757
1.816556
1.886690
1.826689
1.886690
1.826689
1.891757
1.826689
1.871757
1.866690
1.861623
1.796556
1.871757
1.851756
1.856557
1.811489
1.881624
1.836556
1.836556
1.841623
1.861623
1.816556
1.856557
1.831490
1.841623
1.816556
1.846690
1.791489
1.866690
1.806689
1.871757
1.851756
1.851756
1.821623
1.861623
1.801623
1.856557
1.821623
1.836556
1.806689
1.876557
1.836556
1.876557
1.851756
1.901624
1.851756
1.886690
1.861623
1.861623
1.821623
1.856557
1.791489
1.831490
1.831490
1.831490
1.801623
1.861623
1.816556
1.846690
1.766422
1.145348
0.178936
-0.006400
-0.332004
-0.612541
-0.767743
-0.832810
-1.068280
-1.453885
-1.759489
-1.834423
-1.914691
-1.904557
-1.914691
-1.899757
-1.914691
-1.879490
-1.859490
-1.839490
-1.864557
-1.774422
-1.854690
-1.849623
-1.864557
-1.839490
-1.884557
-1.874690
-1.919757
-1.874690
-1.924557
-1.889624
-1.489085
-0.326937
-0.101601
0.183736
0.479473
0.609608
0.669608
0.955212
1.245616
1.661354
1.721355
1.856557
1.826689
1.841623
1.791489
1.831490
1.781622
1.806689
1.731488
1.731488
1.706421
1.806689
1.766422
1.856557
1.826689
1.861623
1.816556
1.861623
1.831490
1.871757
1.851756
1.671221
0.569607
0.088801
-0.096535
-0.412272
-0.637608
-0.677608
-0.862944
-1.173348
-1.614154
-1.749355
-1.879490
-1.879490
-1.929624
-1.879490
-1.909624
-1.869623
-1.869623
-1.819489
-1.849623
-1.779489
-1.829623
-1.799489
-1.879490
-1.854690
-1.884557
-1.869623
-1.929624
-1.914691
-1.964825
-1.914691
-1.999758
-1.954691
-2.004825
-1.969891
-1.974691
-1.954691
-1.979758
-1.954691
-1.984825
-1.904557
-1.974691
-1.949624
-1.954691
-1.904557
-1.924557
-1.879490
-1.914691
-1.874690
-1.914691
-1.849623
-1.899757
-1.854690
-1.879490
-1.829623
-1.924557
-1.879490
-1.899757
-1.849623
-1.864557
-1.854690
-1.889624
-1.864557
-1.874690
-1.824556
-1.889624
-1.839490
-1.879490
-1.844556
-1.899757
-1.869623
-1.929624
-1.904557
-1.889624
-1.874690
-1.904557
-1.889624
-1.899757
-1.854690
-1.924557
-1.874690
-1.939758
-1.854690
-1.914691
-1.864557
-1.914691
-1.889624
-1.909624
-1.904557
-1.924557
-1.879490
-1.924557
-1.849623
-1.924557
-1.849623
-1.899757
-1.874690
-1.904557
-1.879490
-1.949624
-1.874690
-1.899757
-1.874690
-1.899757
-1.909624
-1.934691
-1.889624
-1.949624
-1.889624
-1.899757
-1.849623
-1.939758
-1.849623
-1.914691
-1.854690
-1.874690
-1.864557
-1.919757
-1.859490
-1.924557
-1.854690
-1.929624
-1.894690
-1.899757
-1.884557
-1.919757
-1.919757
-1.929624
-1.889624
-1.939758
-1.879490
-1.899757
-1.869623
-1.909624
-1.854690
-1.939758
-1.864557
-1.904557
-1.869623
-1.944824
-1.884557
-1.939758
-1.904557
-1.889624
-1.899757
-1.914691
-1.879490
-1.869623
-1.864557
-1.914691
-1.864557
-1.924557
-1.899757
-1.889624
-1.924557
-1.924557
-1.859490
-1.929624
-1.899757
-1.899757
-1.864557
-1.934691
-1.889624
-1.894690
-1.889624
-1.939758
-1.889624
-1.904557
-1.894690
-1.934691
-1.874690
-1.944824
-1.879490
-1.959758
-1.874690
-1.904557
-1.869623
-1.884557
-1.899757
-1.914691
-1.869623
-1.919757
-1.874690
-1.914691
-1.864557
-1.899757
-1.869623
-1.929624
-1.874690
-1.909624
-1.879490
-1.939758
-1.899757
-1.929624
-1.889624
-1.914691
-1.889624
-1.964825
-1.874690
-1.929624
-1.889624
-1.914691
-1.874690
-1.939758
-1.914691
-1.929624
-1.909624
-1.914691
-1.894690
-1.919757
-1.889624
-1.914691
-1.889624
-1.924557
-1.849623
-1.899757
-1.874690
-1.904557
-1.889624
-1.433885
-0.281870
-0.036534
0.228803
0.539473
0.669608
0.709609
0.955212
1.315750
1.696288
1.736555
1.891757
1.876557
1.886690
1.826689
1.856557
1.806689
1.821623
1.756555
1.776556
1.721355
1.761622
1.751489
1.831490
1.816556
1.856557
1.836556
1.891757
1.841623
1.921891
1.891757
1.931757
1.901624
1.946691
1.916824
1.931757
1.906690
1.946691
1.891757
1.901624
1.876557
1.886690
1.856557
1.911757
1.891757
1.891757
1.866690
1.906690
1.831490
1.856557
1.811489
1.846690
1.761622
1.856557
1.826689
1.861623
1.826689
1.831490
1.856557
1.891757
1.806689
1.856557
1.731488
0.849877
0.058667
-0.056534
-0.442139
-0.637608
-0.792810
-0.822944
-1.153348
-1.538953
-1.749355
-1.804556
-1.964825
-1.899757
-1.894690
-1.849623
-1.914691
-1.879490
-1.859490
-1.799489
-1.824556
-1.779489
-1.859490
-1.839490
-1.889624
-1.904557
-1.909624
-1.864557
-1.954691
-1.934691
-1.979758
-1.929624
-1.989892
-1.959758
-2.029892
-1.949624
-1.989892
-1.949624
-1.999758
-1.954691
-1.974691
-1.954691
-1.964825
-1.934691
-1.959758
-1.899757
-1.939758
-1.904557
-1.929624
-1.899757
-1.894690
-1.869623
-1.899757
-1.899757
-1.909624
-1.889624
-1.914691
-1.859490
-1.914691
-1.884557
-1.929624
-1.864557
-1.879490
-1.869623
-1.919757
-1.869623
-1.909624
-1.864557
-1.909624
-1.859490
-1.894690
-1.874690
-1.899757
-1.869623
-1.904557
-1.854690
-1.904557
-1.864557
-1.889624
-1.879490
-1.879490
-1.849623
-1.929624
-1.844556
-1.894690
-1.864557
-1.924557
-1.849623
-1.924557
-1.889624
-1.934691
-1.854690
-1.904557
-1.839490
-1.919757
-1.864557
-1.919757
-1.834423
-1.919757
-1.864557
-1.924557
-1.889624
-1.899757
-1.894690
-1.904557
-1.884557
-1.939758
-1.874690
-1.914691
-1.864557
-1.909624
-1.879490
-1.904557
-1.904557
-1.924557
-1.879490
-1.924557
-1.889624
-1.959758
-1.864557
-1.949624
-1.889624
-1.899757
-1.854690
-1.924557
-1.874690
-1.889624
-1.879490
-1.899757
-1.864557
-1.924557
-1.879490
-1.934691
-1.884557
-1.914691
-1.904557
-1.899757
-1.899757
-1.954691
-1.874690
-1.934691
-1.919757
-1.944824
-1.884557
-1.939758
-1.894690
-1.939758
-1.949624
-1.924557
-1.919757
-1.934691
-1.914691
-1.949624
-1.879490
-1.939758
-1.924557
-1.929624
-1.884557
-1.914691
-1.899757
-1.904557
-1.889624
-1.929624
-1.849623
-1.939758
-1.869623
-1.914691
-1.874690
-1.914691
-1.854690
-1.919757
-1.864557
-1.904557
-1.864557
-1.924557
-1.889624
-1.919757
-1.864557
-1.929624
-1.904557
-1.914691
-1.839490
-1.899757
-1.889624
-1.904557
-1.889624
-1.949624
-1.879490
-1.914691
-1.874690
-1.974691
-1.909624
-1.944824
-1.879490
-1.929624
-1.914691
-1.949624
-1.879490
-1.929624
-1.864557
-1.919757
-1.889624
-1.914691
-1.889624
-1.929624
-1.894690
-1.924557
-1.899757
-1.904557
-1.879490
-1.939758
-1.899757
-1.939758
-1.864557
-1.934691
-1.904557
-1.964825
-1.894690
-1.964825
-1.914691
-1.929624
-1.874690
-1.954691
-1.919757
-1.959758
-1.904557
-1.929624
-1.899757
-1.929624
-1.894690
-1.924557
-1.864557
-1.924557
-1.894690
-1.949624
-1.889624
-1.939758
-1.904557
-1.974691
-1.879490
-1.924557
-1.904557
-1.939758
-1.894690
-1.904557
-1.924557
-1.949624
-1.939758
-1.974691
-1.904557
-1.909624
-1.889624
-1.929624
-1.889624
-1.959758
-1.919757
-1.929624
-1.884557
-1.974691
-1.919757
-1.949624
-1.904557
-1.949624
-1.894690
-1.924557
-1.924557
-1.944824
-1.899757
-1.964825
-1.874690
-1.929624
-1.909624
-1.929624
-1.894690
-1.914691
-1.904557
-1.914691
-1.864557
-1.939758
-1.859490
-1.949624
-1.889624
-1.188548
-0.136802
0.048534
0.314137
0.574407
0.714676
0.774943
0.995212
1.400818
1.701355
1.781622
1.941891
1.841623
1.831490
1.826689
1.846690
1.796556
1.796556
1.726422
1.786422
1.711488
1.786422
1.801623
1.846690
1.836556
1.861623
1.826689
1.896824
1.866690
1.931757
1.881624
1.921891
1.906690
1.976825
1.921891
1.916824
1.881624
1.936824
1.886690
1.921891
1.866690
1.921891
1.886690
1.936824
1.876557
1.886690
1.841623
1.831490
1.826689
1.871757
1.816556
1.861623
1.811489
1.856557
1.806689
1.836556
1.806689
1.871757
1.796556
1.841623
1.796556
1.871757
1.561086
0.519473
0.008533
-0.151735
-0.547474
-0.652541
-0.812810
-0.897878
-1.273616
-1.624287
-1.804556
-1.899757
-1.954691
-1.914691
-1.984825
-1.889624
-1.889624
-1.854690
-1.869623
-1.849623
-1.849623
-1.799489
-1.849623
-1.849623
-1.924557
-1.874690
-1.924557
-1.879490
-1.924557
-1.929624
-1.959758
-1.949624
-1.974691
-1.954691
-2.009892
-1.964825
-1.974691
-1.969891
-2.004825
-1.924557
-1.999758
-1.904557
-1.974691
-1.949624
-1.969891
-1.904557
-1.954691
-1.909624
-1.919757
-1.879490
-1.924557
-1.864557
-1.914691
-1.849623
-1.919757
-1.874690
-1.939758
-1.864557
-1.914691
-1.879490
-1.924557
-1.889624
-1.934691
-1.884557
-1.914691
-1.884557
-1.909624
-1.874690
-1.914691
-1.879490
-1.929624
-1.879490
-1.929624
-1.849623
-1.929624
-1.874690
-1.919757
-1.864557
-1.914691
-1.879490
-1.919757
-1.909624
-1.889624
-1.889624
-1.924557
-1.899757
-1.934691
-1.899757
-1.949624
-1.919757
-1.979758
-1.914691
-1.929624
-1.874690
-1.954691
-1.884557
-1.929624
-1.884557
-1.904557
-1.899757
-1.929624
-1.889624
-1.909624
-1.864557
-1.964825
-1.894690
-1.924557
-1.894690
-1.934691
-1.894690
-1.904557
-1.889624
-1.919757
-1.884557
-1.934691
-1.884557
-1.949624
-1.889624
-1.919757
-1.879490
-1.914691
-1.864557
-1.939758
-1.914691
-1.914691
-1.904557
-1.924557
-1.894690
-1.914691
-1.904557
-1.929624
-1.879490
-1.949624
-1.904557
-1.914691
-1.874690
-1.934691
-1.889624
-1.964825
-1.889624
-1.939758
-1.894690
-1.944824
-1.879490
-1.919757
-1.874690
-1.939758
-1.859490
-1.954691
-1.894690
-1.939758
-1.884557
-1.949624
-1.874690
-1.939758
-1.884557
-1.964825
-1.879490
-1.934691
-1.904557
-1.944824
-1.864557
-1.949624
-1.874690
-1.924557
-1.889624
-1.939758
-1.904557
-1.909624
-1.894690
-1.939758
-1.909624
-1.949624
-1.859490
-1.949624
-1.879490
-1.949624
-1.879490
-1.939758
-1.904557
-1.914691
-1.914691
-1.934691
-1.894690
-1.954691
-1.924557
-1.949624
-1.904557
-1.944824
-1.929624
-1.959758
-1.919757
-1.949624
-1.904557
-1.964825
-1.909624
-1.939758
-1.914691
-1.954691
-1.899757
-1.959758
-1.919757
-1.939758
-1.909624
-1.934691
-1.889624
-1.974691
-1.889624
-1.944824
-1.904557
-1.934691
-1.889624
-1.944824
-1.899757
-1.974691
-1.864557
-1.944824
-1.884557
-1.934691
-1.904557
-1.934691
-1.889624
-1.949624
-1.914691
-1.949624
-1.909624
-1.924557
-1.894690
-1.924557
-1.919757
-1.929624
-1.899757
-1.944824
-1.914691
-1.959758
-1.899757
-1.949624
-1.904557
-1.934691
-1.904557
-1.949624
-1.904557
-1.949624
-1.914691
-1.934691
-1.904557
-1.954691
-1.914691
-1.954691
-1.899757
-1.969891
-1.919757
-1.964825
-1.914691
-1.929624
-1.909624
-1.939758
-1.879490
-1.979758
-1.899757
-1.974691
-1.874690
-1.929624
-1.899757
-1.919757
-1.879490
-1.954691
-1.944824
-1.974691
-1.929624
-1.979758
-1.879490
-1.949624
-1.884557
-1.939758
-1.879490
-1.964825
-1.929624
-1.999758
-1.954691
-1.969891
-1.799489
-0.827744
-0.046667
0.043734
0.419205
0.639741
0.714676
0.754676
1.065347
1.501085
1.731488
1.791489
1.911757
1.861623
1.876557
1.831490
1.846690
1.781622
1.796556
1.716288
1.761622
1.706421
1.771489
1.756555
1.841623
1.816556
1.861623
1.816556
1.846690
1.806689
1.876557
1.831490
1.896824
1.901624
1.921891
1.896824
1.931757
1.846690
1.931757
1.891757
1.926691
1.856557
1.881624
1.851756
1.866690
1.821623
1.836556
1.811489
1.851756
1.811489
1.836556
1.781622
1.811489
1.801623
1.841623
1.796556
1.811489
1.801623
1.821623
1.781622
1.816556
1.771489
1.811489
1.350684
0.324004
-0.046667
-0.221869
-0.637608
-0.697609
-0.822944
-0.958145
-1.388817
-1.724288
-1.844556
-1.924557
-1.959758
-1.889624
-1.964825
-1.894690
-1.949624
-1.839490
-1.879490
-1.794422
-1.879490
-1.799489
-1.864557
-1.854690
-1.974691
-1.944824
-1.959758
-1.884557
-1.914691
-1.904557
-1.974691
-1.949624
-2.004825
-1.964825
-2.024825
-2.004825
-2.029892
-1.974691
-2.014959
-1.914691
-1.984825
-1.904557
-1.944824
-1.899757
-1.954691
-1.949624
-1.974691
-1.929624
-1.964825
-1.929624
-1.944824
-1.879490
-1.904557
-1.884557
-1.939758
-1.849623
-1.929624
-1.874690
-1.939758
-1.884557
-1.934691
-1.889624
-1.944824
-1.854690
-1.909624
-1.879490
-1.904557
-1.864557
-1.929624
-1.899757
-1.924557
-1.879490
-1.939758
-1.889624
-1.959758
-1.899757
-1.929624
-1.904557
-1.954691
-1.904557
-1.939758
-1.924557
-1.924557
-1.914691
-1.934691
-1.874690
-1.894690
-1.884557
-1.934691
-1.884557
-1.924557
-1.899757
-1.914691
-1.889624
-1.904557
-1.899757
-1.929624
-1.874690
-1.964825
-1.889624
-1.959758
-1.909624
-1.924557
-1.899757
-1.944824
-1.904557
-1.954691
-1.874690
-1.929624
-1.904557
-1.924557
-1.899757
-1.899757
-1.904557
-1.924557
-1.919757
-1.929624
-1.899757
-1.964825
-1.924557
-1.929624
-1.899757
-1.914691
-1.874690
-1.939758
-1.884557
-1.934691
-1.869623
-1.924557
-1.904557
-1.894690
-1.894690
-1.944824
-1.924557
-1.939758
-1.894690
-1.939758
-1.914691
-1.949624
-1.944824
-1.929624
-1.884557
-1.939758
-1.914691
-1.974691
-1.914691
-1.939758
-1.904557
-1.969891
-1.894690
-1.964825
-1.889624
-1.949624
-1.914691
-1.924557
-1.879490
-1.949624
-1.889624
-1.924557
-1.874690
-1.954691
-1.889624
-1.939758
-1.899757
-1.924557
-1.899757
-1.949624
-1.889624
-1.954691
-1.874690
-1.964825
-1.909624
-1.964825
-1.899757
-1.949624
-1.899757
-1.954691
-1.889624
-1.964825
-1.924557
-1.964825
-1.924557
-1.974691
-1.929624
-1.959758
-1.919757
-1.914691
-1.899757
-1.954691
-1.909624
-1.949624
-1.919757
-1.974691
-1.919757
-1.979758
-1.929624
-1.969891
-1.904557
-1.934691
-1.924557
-1.949624
-1.929624
-1.939758
-1.874690
-1.934691
-1.899757
-1.944824
-1.924557
-1.929624
-1.899757
-1.959758
-1.919757
-1.934691
-1.909624
-1.929624
-1.899757
-1.944824
-1.929624
-1.934691
-1.909624
-1.954691
-1.929624
-1.909624
-1.914691
-1.974691
-1.889624
-1.899757
-1.919757
-1.959758
-1.904557
-1.959758
-1.919757
-1.914691
-1.929624
-1.949624
-1.929624
-1.934691
-1.914691
-1.939758
-1.889624
-1.934691
-1.899757
-1.929624
-1.904557
-1.959758
-1.924557
-1.949624
-1.899757
-1.964825
-1.939758
-1.964825
-1.909624
-1.934691
-1.914691
-1.964825
-1.884557
-1.939758
-1.929624
-1.949624
-1.899757
-1.959758
-1.924557
-1.949624
-1.914691
-1.924557
-1.859490
-1.929624
-1.874690
-1.954691
-1.904557
-1.949624
-1.929624
-1.959758
-1.914691
-1.934691
-1.899757
-1.914691
-1.874690
-1.899757
-1.889624
-1.919757
-1.614154
-0.527473
-0.041601
0.123735
0.524540
0.624541
0.734676
0.834944
1.240549
1.591220
1.761622
1.811489
1.901624
1.841623
1.856557
1.826689
1.861623
1.781622
1.776556
1.701355
1.736555
1.746422
1.786422
1.781622
1.856557
1.821623
1.831490
1.791489
1.861623
1.836556
1.911757
1.891757
1.936824
1.896824
1.981891
1.881624
1.961891
1.866690
1.886690
1.876557
1.911757
1.826689
1.886690
1.831490
1.881624
1.816556
1.876557
1.796556
1.856557
1.846690
1.846690
1.826689
1.836556
1.826689
1.881624
1.841623
1.851756
1.776556
1.856557
1.801623
1.811489
1.806689
1.821623
1.085347
0.173869
-0.056534
-0.337071
-0.697609
-0.737609
-0.868011
-1.053346
-1.498952
-1.759489
-1.879490
-1.904557
-1.964825
-1.894690
-1.929624
-1.874690
-1.909624
-1.854690
-1.864557
-1.789356
-1.864557
-1.829623
-1.879490
-1.869623
-1.909624
-1.854690
-1.939758
-1.904557
-1.969891
-1.939758
-1.984825
-1.969891
-2.009892
-1.934691
-1.979758
-1.944824
-2.004825
-1.939758
-2.004825
-1.954691
-1.959758
-1.924557
-1.949624
-1.914691
-1.934691
-1.874690
-1.939758
-1.899757
-1.924557
-1.884557
-1.919757
-1.894690
-1.934691
-1.864557
-1.929624
-1.914691
-1.929624
-1.894690
-1.929624
-1.864557
-1.919757
-1.899757
-1.924557
-1.879490
-1.904557
-1.859490
-1.919757
-1.904557
-1.954691
-1.884557
-1.914691
-1.884557
-1.924557
-1.874690
-1.964825
-1.904557
-1.954691
-1.894690
-1.949624
-1.899757
-1.944824
-1.939758
-1.949624
-1.924557
-1.904557
-1.894690
-1.934691
-1.899757
-1.929624
-1.914691
-1.929624
-1.909624
-1.959758
-1.899757
-1.979758
-1.904557
-1.964825
-1.864557
-1.934691
-1.864557
-1.929624
-1.889624
-1.949624
-1.929624
-1.924557
-1.904557
-1.929624
-1.899757
-1.934691
-1.899757
-1.949624
-1.889624
-1.909624
-1.909624
-1.929624
-1.904557
-1.944824
-1.884557
-1.954691
-1.899757
-1.914691
-1.899757
-1.949624
-1.874690
-1.914691
-1.874690
-1.959758
-1.879490
-1.924557
-1.879490
-1.954691
-1.894690
-1.929624
-1.904557
-1.934691
-1.919757
-1.954691
-1.879490
-1.939758
-1.904557
-1.914691
-1.904557
-1.924557
-1.904557
-1.949624
-1.874690
-1.939758
-1.889624
-1.974691
-1.904557
-1.939758
-1.874690
-1.914691
-1.879490
-1.914691
-1.924557
-1.924557
-1.874690
-1.939758
-1.894690
-1.959758
-1.914691
-1.949624
-1.879490
-1.939758
-1.874690
-1.949624
-1.904557
-1.954691
-1.914691
-1.924557
-1.899757
-1.964825
-1.894690
-1.924557
-1.919757
-1.914691
-1.889624
-1.949624
-1.914691
-1.929624
-1.889624
-1.984825
-1.904557
-1.969891
-1.904557
-1.959758
-1.894690
-1.929624
-1.899757
-1.939758
-1.894690
-1.954691
-1.904557
-1.949624
-1.904557
-1.964825
-1.914691
-1.939758
-1.899757
-1.934691
-1.899757
-1.929624
-1.894690
-1.924557
-1.904557
-1.919757
-1.909624
-1.939758
-1.899757
-1.954691
-1.914691
-1.979758
-1.904557
-1.939758
-1.894690
-1.939758
-1.889624
-1.949624
-1.899757
-1.939758
-1.914691
-1.954691
-1.919757
-1.944824
-1.904557
-1.929624
-1.914691
-1.949624
-1.899757
-1.954691
-1.904557
-1.969891
-1.929624
-1.954691
-1.914691
-1.949624
-1.889624
-1.949624
-1.864557
-1.934691
-1.904557
-1.929624
-1.919757
-1.974691
-1.904557
-1.949624
-1.924557
-1.969891
-1.914691
-1.954691
-1.924557
-1.949624
-1.904557
-1.954691
-1.924557
-1.929624
-1.904557
-1.974691
-1.924557
-1.959758
-1.914691
-1.984825
-1.899757
-1.954691
-1.909624
-1.979758
-1.914691
-1.959758
-1.904557
-1.949624
-1.914691
-1.939758
-1.924557
-1.954691
-1.934691
-1.949624
-1.929624
-1.949624
-1.914691
-1.934691
-1.393884
-0.306937
-0.021600
0.158935
0.559474
0.624541
0.744809
0.890144
1.330683
1.621354
1.761622
1.841623
1.876557
1.791489
1.846690
1.831490
1.856557
1.791489
1.816556
1.756555
1.766422
1.706421
1.811489
1.786422
1.831490
1.791489
1.831490
1.806689
1.886690
1.866690
1.896824
1.891757
1.996825
1.906690
1.931757
1.901624
1.936824
1.876557
1.891757
1.831490
1.881624
1.841623
1.881624
1.801623
1.866690
1.831490
1.846690
1.826689
1.841623
1.816556
1.851756
1.831490
1.856557
1.816556
1.876557
1.811489
1.836556
1.781622
1.856557
1.781622
1.831490
1.751489
1.751489
0.744809
0.133868
-0.141602
-0.442139
-0.707742
-0.687742
-0.882944
-1.133347
-1.564020
-1.724288
-1.914691
-1.909624
-1.944824
-1.914691
-1.949624
-1.899757
-1.929624
-1.824556
-1.874690
-1.794422
-1.824556
-1.829623
-1.899757
-1.874690
-1.949624
-1.904557
-1.949624
-1.934691
-1.994692
-1.959758
-1.994692
-1.934691
-1.984825
-1.934691
-1.999758
-1.929624
-1.999758
-1.964825
-1.999758
-1.949624
-2.029892
-1.964825
-2.014959
-1.964825
-1.969891
-1.904557
-1.939758
-1.874690
-1.964825
-1.884557
-1.934691
-1.879490
-1.949624
-1.924557
-1.949624
-1.869623
-1.934691
-1.884557
-1.929624
-1.879490
-1.909624
-1.849623
-1.914691
-1.854690
-1.934691
-1.899757
-1.919757
-1.879490
-1.929624
-1.874690
-1.904557
-1.889624
-1.909624
-1.884557
-1.939758
-1.849623
-1.914691
-1.869623
-1.954691
-1.894690
-1.939758
-1.929624
-1.924557
-1.889624
-1.904557
-1.889624
-1.964825
-1.874690
-1.944824
-1.874690
-1.929624
-1.869623
-1.909624
-1.854690
-1.944824
-1.904557
-1.939758
-1.899757
-1.964825
-1.874690
-1.954691
-1.869623
-1.909624
-1.864557
-1.914691
-1.899757
-1.939758
-1.889624
-1.934691
-1.899757
-1.919757
-1.924557
-1.964825
-1.869623
-1.939758
-1.914691
-1.924557
-1.899757
-1.909624
-1.874690
-1.944824
-1.894690
-1.919757
-1.874690
-1.959758
-1.919757
-1.969891
-1.919757
-1.964825
-1.914691
-1.919757
-1.889624
-1.929624
-1.864557
-1.894690
-1.859490
-1.924557
-1.864557
-1.914691
-1.879490
-1.944824
-1.879490
-1.949624
-1.939758
-1.959758
-1.899757
-1.924557
-1.899757
-1.939758
-1.864557
-1.924557
-1.904557
-1.944824
-1.914691
-1.929624
-1.894690
-1.944824
-1.904557
-1.929624
-1.909624
-1.914691
-1.894690
-1.929624
-1.879490
-1.909624
-1.899757
-1.929624
-1.919757
-1.979758
-1.899757
-1.964825
-1.879490
-1.944824
-1.874690
-1.924557
-1.869623
-1.949624
-1.899757
-1.959758
-1.894690
-1.964825
-1.889624
-1.974691
-1.889624
-1.934691
-1.939758
-1.974691
-1.929624
-1.954691
-1.909624
-1.924557
-1.884557
-1.924557
-1.924557
-1.954691
-1.899757
-1.949624
-1.894690
-1.954691
-1.919757
-1.929624
-1.909624
-1.944824
-1.914691
-1.979758
-1.919757
-1.949624
-1.879490
-1.954691
-1.874690
-1.969891
-1.904557
-1.974691
-1.919757
-1.949624
-1.879490
-1.929624
-1.899757
-1.914691
-1.879490
-1.944824
-1.899757
-1.914691
-1.889624
-1.934691
-1.894690
-1.914691
-1.899757
-1.984825
-1.929624
-1.934691
-1.914691
-1.964825
-1.929624
-1.914691
-1.929624
-1.959758
-1.904557
-1.954691
-1.914691
-1.939758
-1.929624
-1.939758
-1.889624
-1.949624
-1.944824
-1.939758
-1.899757
-1.929624
-1.919757
-1.964825
-1.879490
-1.939758
-1.864557
-1.964825
-1.899757
-1.939758
-1.894690
-1.949624
-1.914691
-1.954691
-1.929624
-1.934691
-1.904557
-1.939758
-1.919757
-1.964825
-1.894690
-1.949624
-1.924557
-1.954691
-1.929624
-1.964825
-1.969891
-1.939758
-1.919757
-1.954691
-1.909624
-1.949624
-1.879490
-1.889624
-1.098414
-0.231736
0.053601
0.253870
0.609608
0.649608
0.809877
0.990146
1.456018
1.686421
1.811489
1.886690
1.851756
1.801623
1.851756
1.806689
1.836556
1.751489
1.746422
1.716288
1.746422
1.776556
1.836556
1.826689
1.866690
1.821623
1.881624
1.836556
1.861623
1.851756
1.926691
1.886690
1.911757
1.906690
1.921891
1.896824
1.921891
1.866690
1.881624
1.856557
1.886690
1.836556
1.886690
1.831490
1.861623
1.806689
1.851756
1.841623
1.866690
1.831490
1.841623
1.806689
1.881624
1.811489
1.846690
1.806689
1.876557
1.831490
1.836556
1.821623
1.851756
1.806689
1.581086
0.509340
0.038667
-0.191736
-0.517340
-0.732809
-0.797877
-0.933078
-1.233615
-1.674154
-1.789356
-1.929624
-1.914691
-1.954691
-1.864557
-1.929624
-1.839490
-1.914691
-1.869623
-1.829623
-1.814423
-1.889624
-1.854690
-1.924557
-1.874690
-1.929624
-1.874690
-1.914691
-1.924557
-1.974691
-1.929624
-1.979758
-1.969891
-2.014959
-2.004825
-2.019759
-1.974691
-1.974691
-1.969891
-1.979758
-1.914691
-1.974691
-1.954691
-1.964825
-1.904557
-1.949624
-1.924557
-1.914691
-1.899757
-1.929624
-1.909624
-1.924557
-1.859490
-1.919757
-1.854690
-1.929624
-1.874690
-1.934691
-1.894690
-1.949624
-1.889624
-1.939758
-1.889624
-1.924557
-1.904557
-1.914691
-1.904557
-1.929624
-1.874690
-1.904557
-1.879490
-1.944824
-1.839490
-1.929624
-1.874690
-1.924557
-1.884557
-1.909624
-1.884557
-1.924557
-1.869623
-1.934691
-1.879490
-1.939758
-1.889624
-1.939758
-1.889624
-1.949624
-1.859490
-1.879490
-1.879490
-1.929624
-1.894690
-1.919757
-1.899757
-1.914691
-1.914691
-1.929624
-1.904557
-1.914691
-1.884557
-1.924557
-1.874690
-1.904557
-1.889624
-1.944824
-1.864557
-1.924557
-1.894690
-1.924557
-1.904557
-1.929624
-1.889624
-1.934691
-1.894690
-1.959758
-1.879490
-1.934691
-1.904557
-1.939758
-1.889624
-1.934691
-1.889624
-1.939758
-1.904557
-1.959758
-1.904557
-1.929624
-1.879490
-1.934691
-1.884557
-1.939758
-1.914691
-1.939758
-1.889624
-1.914691
-1.899757
-1.934691
-1.924557
-1.924557
-1.879490
-1.924557
-1.874690
-1.929624
-1.884557
-1.949624
-1.889624
-1.954691
-1.889624
-1.929624
-1.899757
-1.914691
-1.889624
-1.934691
-1.899757
-1.944824
-1.904557
-1.939758
-1.884557
-1.944824
-1.894690
-1.924557
-1.874690
-1.939758
-1.864557
-1.939758
-1.889624
-1.924557
-1.864557
-1.929624
-1.879490
-1.934691
-1.894690
-1.904557
-1.914691
-1.944824
-1.899757
-1.929624
-1.889624
-1.969891
-1.894690
-1.924557
-1.919757
-1.944824
-1.894690
-1.924557
-1.889624
-1.959758
-1.939758
-1.969891
-1.914691
-1.939758
-1.894690
-1.944824
-1.929624
-1.949624
-1.904557
-1.939758
-1.899757
-1.939758
-1.899757
-1.924557
-1.879490
-1.909624
-1.869623
-1.929624
-1.929624
-1.924557
-1.904557
-1.954691
-1.909624
-1.944824
-1.899757
-1.939758
-1.904557
-1.939758
-1.914691
-1.934691
-1.884557
-1.949624
-1.864557
-1.929624
-1.904557
-1.949624
-1.889624
-1.959758
-1.894690
-1.939758
-1.899757
-1.944824
-1.914691
-1.919757
-1.899757
-1.949624
-1.914691
-1.939758
-1.894690
-1.954691
-1.894690
-1.914691
-1.904557
-1.919757
-1.939758
-1.964825
-1.914691
-1.979758
-1.904557
-1.924557
-1.904557
-1.929624
-1.914691
-1.964825
-1.899757
-1.929624
-1.909624
-1.929624
-1.889624
-1.939758
-1.914691
-1.974691
-1.894690
-1.969891
-1.904557
-1.949624
-1.894690
-1.924557
-1.889624
-1.969891
-1.904557
-1.929624
-1.869623
-1.974691
-1.889624
-1.964825
-1.914691
-1.939758
-1.884557
-1.914691
-1.899757
-1.949624
-1.874690
-1.799489
-0.747743
-0.111735
0.078668
0.434139
0.614674
0.654675
0.809877
1.110414
1.526152
1.706421
1.806689
1.841623
1.836556
1.826689
1.831490
1.776556
1.826689
1.766422
1.786422
1.731488
1.781622
1.746422
1.856557
1.796556
1.881624
1.816556
1.856557
1.856557
1.886690
1.856557
1.921891
1.866690
1.946691
1.911757
1.931757
1.856557
1.906690
1.881624
1.906690
1.871757
1.896824
1.851756
1.901624
1.856557
1.866690
1.851756
1.851756
1.811489
1.816556
1.826689
1.841623
1.821623
1.836556
1.821623
1.866690
1.776556
1.861623
1.801623
1.881624
1.796556
1.836556
1.806689
1.320817
0.244003
-0.001333
-0.272003
-0.572540
-0.752809
-0.817877
-1.003213
-1.368817
-1.754422
-1.829623
-1.954691
-1.924557
-1.949624
-1.909624
-1.964825
-1.894690
-1.904557
-1.824556
-1.859490
-1.829623
-1.859490
-1.814423
-1.924557
-1.904557
-1.949624
-1.924557
-1.964825
-1.944824
-1.974691
-1.949624
-2.019759
-1.979758
-2.039759
-1.984825
-2.019759
-1.979758
-1.999758
-1.929624
-1.974691
-1.934691
-1.989892
-1.944824
-1.939758
-1.914691
-1.964825
-1.889624
-1.954691
-1.899757
-1.919757
-1.914691
-1.929624
-1.884557
-1.939758
-1.879490
-1.929624
-1.874690
-1.924557
-1.914691
-1.914691
-1.909624
-1.874690
-1.879490
-1.914691
-1.879490
-1.934691
-1.889624
-1.914691
-1.899757
-1.919757
-1.869623
-1.924557
-1.899757
-1.899757
-1.859490
-1.904557
-1.884557
-1.929624
-1.884557
-1.929624
-1.864557
-1.924557
-1.899757
-1.904557
-1.884557
-1.954691
-1.884557
-1.929624
-1.874690
-1.899757
-1.879490
-1.909624
-1.894690
-1.974691
-1.874690
-1.944824
-1.879490
-1.954691
-1.859490
-1.949624
-1.884557
-1.929624
-1.889624
-1.934691
-1.879490
-1.924557
-1.889624
-1.929624
-1.894690
-1.939758
-1.889624
-1.924557
-1.879490
-1.924557
-1.914691
-1.939758
-1.924557
-1.929624
-1.894690
-1.959758
-1.889624
-1.954691
-1.899757
-1.929624
-1.919757
-1.964825
-1.914691
-1.934691
-1.904557
-1.949624
-1.899757
-1.934691
-1.924557
-1.914691
-1.889624
-1.954691
-1.904557
-1.919757
-1.864557
-1.929624
-1.864557
-1.944824
-1.899757
-1.929624
-1.909624
-1.929624
-1.884557
-1.949624
-1.904557
-1.929624
-1.899757
-1.929624
-1.889624
-1.914691
-1.884557
-1.929624
-1.884557
-1.924557
-1.894690
-1.944824
-1.889624
-1.924557
-1.899757
-1.929624
-1.919757
-1.939758
-1.889624
-1.929624
-1.914691
-1.969891
-1.869623
-1.934691
-1.909624
-1.914691
-1.879490
-1.964825
-1.914691
-1.949624
-1.899757
-1.924557
-1.889624
-1.924557
-1.929624
-1.954691
-1.879490
-1.959758
-1.889624
-1.949624
-1.909624
-1.944824
-1.879490
-1.944824
-1.884557
-1.929624
-1.879490
-1.949624
-1.914691
-1.949624
-1.889624
-1.979758
-1.904557
-1.949624
-1.904557
-1.914691
-1.924557
-1.954691
-1.899757
-1.949624
-1.879490
-1.934691
-1.904557
-1.919757
-1.899757
-1.929624
-1.904557
-1.944824
-1.889624
-1.964825
-1.919757
-1.969891
-1.924557
-1.914691
-1.889624
-1.939758
-1.924557
-1.964825
-1.904557
-1.924557
-1.914691
-1.949624
-1.909624
-1.929624
-1.904557
-1.929624
-1.904557
-1.979758
-1.889624
-1.954691
-1.914691
-1.954691
-1.939758
-1.914691
-1.899757
-1.969891
-1.894690
-1.954691
-1.924557
-1.964825
-1.879490
-1.914691
-1.889624
-1.949624
-1.879490
-1.954691
-1.924557
-1.924557
-1.914691
-1.964825
-1.899757
-1.969891
-1.894690
-1.924557
-1.929624
-1.964825
-1.899757
-1.929624
-1.944824
-1.964825
-1.899757
-1.954691
-1.919757
-1.969891
-1.914691
-1.959758
-1.904557
-1.914691
-1.874690
-1.904557
-1.869623
-1.924557
-1.879490
-1.639220
-0.492273
-0.106668
0.148802
0.464272
0.649608
0.724809
0.865077
1.200548
1.641354
1.716288
1.861623
1.831490
1.866690
1.806689
1.846690
1.816556
1.816556
1.791489
1.811489
1.726422
1.786422
1.756555
1.856557
1.806689
1.836556
1.861623
1.921891
1.906690
1.976825
1.866690
1.876557
1.861623
1.921891
1.876557
1.921891
1.911757
1.936824
1.891757
1.921891
1.861623
1.871757
1.816556
1.861623
1.826689
1.881624
1.826689
1.896824
1.821623
1.876557
1.846690
1.871757
1.806689
1.861623
1.776556
1.856557
1.816556
1.886690
1.841623
1.856557
1.806689
1.846690
1.776556
1.045346
0.093601
-0.046667
-0.377071
-0.627475
-0.762676
-0.817877
-1.098414
-1.493885
-1.779489
-1.859490
-1.979758
-1.909624
-1.919757
-1.849623
-1.939758
-1.859490
-1.889624
-1.814423
-1.829623
-1.774422
-1.844556
-1.829623
-1.929624
-1.909624
-1.949624
-1.879490
-1.939758
-1.919757
-1.984825
-1.964825
-2.024825
-1.949624
-2.014959
-1.974691
-1.984825
-1.934691
-1.999758
-1.929624
-2.004825
-1.939758
-2.004825
-1.919757
-1.954691
-1.904557
-1.964825
-1.929624
-1.949624
-1.894690
-1.939758
-1.874690
-1.944824
-1.914691
-1.939758
-1.884557
-1.929624
-1.879490
-1.904557
-1.884557
-1.929624
-1.899757
-1.939758
-1.879490
-1.954691
-1.899757
-1.924557
-1.874690
-1.934691
-1.874690
-1.924557
-1.884557
-1.924557
-1.854690
-1.904557
-1.909624
-1.929624
-1.894690
-1.919757
-1.869623
-1.924557
-1.899757
-1.954691
-1.929624
-1.929624
-1.899757
-1.929624
-1.879490
-1.904557
-1.889624
-1.929624
-1.889624
-1.924557
-1.889624
-1.934691
-1.914691
-1.934691
-1.829623
-1.904557
-1.874690
-1.879490
-1.889624
-1.914691
-1.854690
-1.924557
-1.849623
-1.914691
-1.869623
-1.914691
-1.854690
-1.899757
-1.879490
-1.939758
-1.914691
-1.964825
-1.889624
-1.929624
-1.889624
-1.949624
